0.13689345,-0.04903081,-0.013373613,0
0.13793737,-0.050035924,-0.01376462,17
0.13793737,-0.050035924,-0.01376462,33
0.13793737,-0.050035924,-0.01376462,51
0.13846782,-0.0504286,-0.01398468,70
0.13879544,-0.05084178,-0.014157772,86
0.13879544,-0.05084178,-0.014157772,102
0.1391643,-0.051696867,-0.015472889,119
0.1391643,-0.051696867,-0.015472889,136
0.1391643,-0.051696867,-0.015472889,153
0.13911435,-0.05148536,-0.015853405,170
0.13867313,-0.05142337,-0.01625681,189
0.13867313,-0.05142337,-0.01625681,205
0.13804016,-0.05109492,-0.01641655,221
0.13804016,-0.05109492,-0.01641655,239
0.13760236,-0.050730526,-0.016542673,256
0.13760236,-0.050730526,-0.016542673,273
0.13482562,-0.0501287,-0.016327143,290
0.13482562,-0.0501287,-0.016327143,307
0.13167751,-0.04976803,-0.016153336,324
0.13167751,-0.04976803,-0.016153336,340
0.12470058,-0.045736194,-0.014359713,358
0.12470058,-0.045736194,-0.014359713,375
0.12064217,-0.043800205,-0.013564348,393
0.12064217,-0.043800205,-0.013564348,408
0.11360064,-0.038487405,-0.010228634,431
0.11360064,-0.038487405,-0.010228634,445
0.11221224,-0.037691772,-0.009788275,461
0.11221224,-0.037691772,-0.009788275,477
0.108878076,-0.035678536,-0.0080759525,494
0.108878076,-0.035678536,-0.0080759525,510
0.1073108,-0.03570631,-0.008742571,527
0.1073108,-0.03570631,-0.008742571,544
0.10390982,-0.035480887,-0.0090043545,563
0.10390982,-0.035480887,-0.0090043545,578
0.102987126,-0.034349978,-0.008052826,595
0.102987126,-0.034349978,-0.008052826,612
0.10226886,-0.033765167,-0.007597685,629
0.10226886,-0.033765167,-0.007597685,645
0.09993657,-0.033888996,-0.0076406,663
0.09993657,-0.033888996,-0.0076406,680
0.09937471,-0.033061534,-0.007074833,697
0.09937471,-0.033061534,-0.007074833,714
0.099243395,-0.032637477,-0.0067403316,732
0.099243395,-0.032637477,-0.0067403316,749
0.097414546,-0.033111274,-0.00694561,765
0.09617898,-0.033150703,-0.007398367,783
0.09617898,-0.033150703,-0.007398367,799
0.09617898,-0.033150703,-0.007398367,817
0.096139565,-0.03298253,-0.0072205067,833
0.096139565,-0.03298253,-0.0072205067,851
0.09620864,-0.03244257,-0.0068371296,867
0.09419877,-0.0327304,-0.0074329376,884
0.09419877,-0.0327304,-0.0074329376,901
0.09419877,-0.0327304,-0.0074329376,919
0.09435813,-0.032317787,-0.007050991,938
0.09333922,-0.03207493,-0.007158041,953
0.09333922,-0.03207493,-0.007158041,970
0.09216994,-0.031775564,-0.0072562695,988
0.09216994,-0.031775564,-0.0072562695,1003
0.091657385,-0.032051414,-0.007314682,1021
0.091657385,-0.032051414,-0.007314682,1038
0.09209421,-0.031572193,-0.0067358017,1054
0.09209421,-0.031572193,-0.0067358017,1072
0.091870606,-0.031662285,-0.0066730976,1090
0.091870606,-0.031662285,-0.0066730976,1107
0.09243922,-0.03112343,-0.005992651,1124
0.09243922,-0.03112343,-0.005992651,1142
0.092230454,-0.031252533,-0.0061268806,1159
0.092230454,-0.031252533,-0.0061268806,1175
0.09273381,-0.030945808,-0.005747795,1194
0.09273381,-0.030945808,-0.005747795,1210
0.092985794,-0.030602187,-0.005332947,1226
0.092985794,-0.030602187,-0.005332947,1242
0.093254246,-0.030444533,-0.0051238537,1261
0.093254246,-0.030444533,-0.0051238537,1276
0.09257838,-0.030821145,-0.0054700375,1294
0.09257838,-0.030821145,-0.0054700375,1310
0.09284367,-0.030932546,-0.005345106,1329
0.09284367,-0.030932546,-0.005345106,1344
0.09181148,-0.030960143,-0.0054159164,1361
0.09181148,-0.030960143,-0.0054159164,1378
0.0913666,-0.030697525,-0.005019903,1396
0.0913666,-0.030697525,-0.005019903,1412
0.09200484,-0.030370146,-0.004760504,1428
0.09200484,-0.030370146,-0.004760504,1446
0.09155752,-0.03044197,-0.0046770573,1463
0.09155752,-0.03044197,-0.0046770573,1480
0.09125394,-0.030678034,-0.004780531,1499
0.09125394,-0.030678034,-0.004780531,1516
0.09117793,-0.03111887,-0.0046961308,1531
0.09117793,-0.03111887,-0.0046961308,1548
0.09103817,-0.030997396,-0.0046463013,1565
0.09103817,-0.030997396,-0.0046463013,1583
0.09065517,-0.031442523,-0.0047769547,1599
0.09072055,-0.031837553,-0.0048732758,1617
0.09072055,-0.031837553,-0.0048732758,1633
0.09072055,-0.031837553,-0.0048732758,1650
0.09171269,-0.03138846,-0.0044243336,1667
0.09171269,-0.03138846,-0.0044243336,1685
0.09178196,-0.03202483,-0.0048394203,1701
0.09176624,-0.032218546,-0.004779339,1719
0.09176624,-0.032218546,-0.004779339,1735
0.09182964,-0.03252837,-0.004865408,1753
0.09182964,-0.03252837,-0.004865408,1770
0.09291987,-0.03263229,-0.0045735836,1789
0.09291987,-0.03263229,-0.0045735836,1804
0.093549535,-0.032500982,-0.004381895,1821
0.093549535,-0.032500982,-0.004381895,1838
0.09349294,-0.032851696,-0.004508257,1855
0.09349294,-0.032851696,-0.004508257,1872
0.093490556,-0.03311363,-0.0047984123,1889
0.093490556,-0.03311363,-0.0047984123,1906
0.093418896,-0.03333661,-0.004871607,1924
0.093418896,-0.03333661,-0.004871607,1940
0.09347093,-0.033742458,-0.004960537,1957
0.09347093,-0.033742458,-0.004960537,1974
0.09351987,-0.03382811,-0.0049107075,1992
0.09351987,-0.03382811,-0.0049107075,2008
0.09364133,-0.03394714,-0.0048496723,2025
0.09364133,-0.03394714,-0.0048496723,2042
0.09394908,-0.034445375,-0.0049586296,2059
0.09394908,-0.034445375,-0.0049586296,2077
0.09417785,-0.035159647,-0.0048286915,2093
0.09417785,-0.035159647,-0.0048286915,2109
0.09429672,-0.03518054,-0.004781246,2127
0.09429672,-0.03518054,-0.004781246,2146
0.09451359,-0.0353612,-0.0048627853,2163
0.09451359,-0.0353612,-0.0048627853,2177
0.09557985,-0.0350309,-0.0044112206,2195
0.09557985,-0.0350309,-0.0044112206,2211
0.09638391,-0.035146564,-0.0043456554,2227
0.09638391,-0.035146564,-0.0043456554,2245
0.096839465,-0.034985185,-0.004095793,2263
0.096839465,-0.034985185,-0.004095793,2280
0.0973668,-0.035070866,-0.004075289,2296
0.0973668,-0.035070866,-0.004075289,2313
0.09767892,-0.035091132,-0.003982067,2330
0.09767892,-0.035091132,-0.003982067,2349
0.09801099,-0.03503871,-0.0038936138,2365
0.09801099,-0.03503871,-0.0038936138,2380
0.0979949,-0.035686046,-0.0038945675,2398
0.0979949,-0.035686046,-0.0038945675,2416
0.09804348,-0.03639406,-0.004132986,2431
0.09804348,-0.03639406,-0.004132986,2449
0.09829149,-0.036288768,-0.003957987,2465
0.09859839,-0.036088765,-0.0036699772,2483
0.09859839,-0.036088765,-0.0036699772,2499
0.09859839,-0.036088765,-0.0036699772,2518
0.098771825,-0.036004633,-0.0035545826,2533
0.098832496,-0.035918325,-0.003471136,2550
0.098832496,-0.035918325,-0.003471136,2566
0.099275336,-0.035200834,-0.002986908,2584
0.099275336,-0.035200834,-0.002986908,2601
0.09948573,-0.035662234,-0.003079176,2622
0.09948573,-0.035662234,-0.003079176,2637
0.09982823,-0.035705686,-0.0030658245,2653
0.09982823,-0.035705686,-0.0030658245,2670
0.09971541,-0.036905944,-0.003510952,2687
0.09971541,-0.036905944,-0.003510952,2704
0.09970032,-0.03888017,-0.004875183,2721
0.09970032,-0.03888017,-0.004875183,2739
0.09989965,-0.039207727,-0.0045900345,2755
0.09989965,-0.039207727,-0.0045900345,2772
0.09910773,-0.03707555,-0.002475977,2789
0.09910773,-0.03707555,-0.002475977,2807
0.098313354,-0.03652358,-0.0013875961,2823
0.098313354,-0.03652358,-0.0013875961,2840
0.09806494,-0.036347896,-0.0012760162,2858
0.09806494,-0.036347896,-0.0012760162,2875
0.097981006,-0.036273867,-0.001044035,2892
0.097981006,-0.036273867,-0.001044035,2908
0.09803419,-0.03603524,-5.0473213E-4,2926
0.09803419,-0.03603524,-5.0473213E-4,2942
0.09815955,-0.035696507,-2.7680397E-4,2959
0.09815955,-0.035696507,-2.7680397E-4,2976
0.09838812,-0.03545618,-4.1627884E-4,2994
0.09838812,-0.03545618,-4.1627884E-4,3009
0.0988069,-0.03498411,-8.428097E-4,3026
0.0988069,-0.03498411,-8.428097E-4,3044
0.09959382,-0.03445795,-0.0026330948,3061
0.09959382,-0.03445795,-0.0026330948,3078
0.101080924,-0.034845114,-0.006281376,3094
0.101080924,-0.034845114,-0.006281376,3112
0.101908565,-0.03461203,-0.008952856,3130
0.101908565,-0.03461203,-0.008952856,3146
0.10306606,-0.03322217,-0.012467146,3162
0.10306606,-0.03322217,-0.012467146,3180
0.103994995,-0.032672763,-0.01506114,3196
0.103994995,-0.032672763,-0.01506114,3213
0.10472572,-0.03140393,-0.015870333,3231
0.10472572,-0.03140393,-0.015870333,3247
0.10503209,-0.029438704,-0.017068624,3264
0.10503209,-0.029438704,-0.017068624,3283
0.105998516,-0.028250188,-0.017500162,3298
0.105998516,-0.028250188,-0.017500162,3315
0.10645509,-0.027653068,-0.017750978,3332
0.10718511,-0.026777983,-0.017086744,3350
0.10718511,-0.026777983,-0.017086744,3368
0.10728237,-0.026259482,-0.016693354,3385
0.10728237,-0.026259482,-0.016693354,3400
0.10728237,-0.026259482,-0.016693354,3418
0.10698812,-0.025628477,-0.014982939,3435
0.10661584,-0.024674296,-0.014128923,3452
0.10661584,-0.024674296,-0.014128923,3468
0.10605865,-0.02154234,-0.011096954,3486
0.10605865,-0.02154234,-0.011096954,3503
0.10545617,-0.020447284,-0.010169983,3520
0.10545617,-0.020447284,-0.010169983,3536
0.104573995,-0.019363493,-0.008430481,3553
0.104573995,-0.019363493,-0.008430481,3570
0.10427877,-0.018516868,-0.007337332,3587
0.10427877,-0.018516868,-0.007337332,3607
0.104068115,-0.017946988,-0.0061233044,3622
0.104068115,-0.017946988,-0.0061233044,3639
0.10373363,-0.017235667,-0.0046367645,3656
0.10373363,-0.017235667,-0.0046367645,3673
0.103604265,-0.017190546,-0.0024123192,3690
0.103604265,-0.017190546,-0.0024123192,3707
0.103416875,-0.01658097,-9.1314316E-4,3725
0.103416875,-0.01658097,-9.1314316E-4,3740
0.103326224,-0.01629147,5.865097E-5,3757
0.103326224,-0.01629147,5.865097E-5,3773
0.10327103,-0.015892476,4.7683716E-4,3790
0.10327103,-0.015892476,4.7683716E-4,3806
0.10320389,-0.015768677,7.479191E-4,3826
0.10320389,-0.015768677,7.479191E-4,3841
0.103320256,-0.01547569,6.918907E-4,3858
0.103320256,-0.01547569,6.918907E-4,3874
0.10368233,-0.015301555,0.0013310909,3892
0.10368233,-0.015301555,0.0013310909,3909
0.104356796,-0.014986664,0.0016641617,3926
0.104356796,-0.014986664,0.0016641617,3943
0.10500386,-0.014929891,0.0022153854,3960
0.10500386,-0.014929891,0.0022153854,3976
0.106723234,-0.014714062,0.002925396,3993
0.106723234,-0.014714062,0.002925396,4009
0.10890992,-0.014146119,0.0035676956,4027
0.10890992,-0.014146119,0.0035676956,4045
0.11125347,-0.015505195,0.0073981285,4062
0.11125347,-0.015505195,0.0073981285,4077
0.11271422,-0.016236335,0.007894516,4094
0.11271422,-0.016236335,0.007894516,4111
0.11409606,-0.016900271,0.00831008,4128
0.11409606,-0.016900271,0.00831008,4144
0.11592491,-0.017562687,0.009594202,4163
0.11592491,-0.017562687,0.009594202,4179
0.116842344,-0.017642498,0.010745525,4196
0.116842344,-0.017642498,0.010745525,4214
0.11712682,-0.018265843,0.011563063,4230
0.11712682,-0.018265843,0.011563063,4247
0.11799489,-0.018950403,0.014022589,4265
0.11799489,-0.018950403,0.014022589,4283
0.11829412,-0.018977553,0.017068863,4298
0.11829412,-0.018977553,0.017068863,4315
0.11831961,-0.019083828,0.018824339,4332
0.11831961,-0.019083828,0.018824339,4349
0.11732884,-0.01937443,0.021646261,4366
0.11640041,-0.019567013,0.025985956,4383
0.11640041,-0.019567013,0.025985956,4399
0.11640041,-0.019567013,0.025985956,4416
0.115273684,-0.020007432,0.02918315,4433
0.115273684,-0.020007432,0.02918315,4449
0.11380145,-0.01951614,0.03196311,4468
0.11321275,-0.019362539,0.032539606,4484
0.11321275,-0.019362539,0.032539606,4501
0.11321275,-0.019362539,0.032539606,4518
0.11252628,-0.019388556,0.033396482,4535
0.11195676,-0.019472718,0.034045458,4552
0.11195676,-0.019472718,0.034045458,4569
0.111840054,-0.019521683,0.034184217,4587
0.111840054,-0.019521683,0.034184217,4603
0.11173269,-0.019597262,0.034185648,4621
0.11173269,-0.019597262,0.034185648,4639
0.11174092,-0.019593924,0.034111023,4655
0.11174092,-0.019593924,0.034111023,4674
0.11176498,-0.019397557,0.03486848,4689
0.11176498,-0.019397557,0.03486848,4706
0.11178526,-0.019156724,0.03594446,4724
0.11178526,-0.019156724,0.03594446,4740
0.112081856,-0.018746793,0.042374134,4756
0.112081856,-0.018746793,0.042374134,4773
0.11144005,-0.01961866,0.04846859,4791
0.11144005,-0.01961866,0.04846859,4807
0.11046893,-0.018112212,0.05591631,4823
0.11046893,-0.018112212,0.05591631,4840
0.108712375,-0.017887473,0.062224865,4858
0.108712375,-0.017887473,0.062224865,4876
0.106914476,-0.017986149,0.06599641,4892
0.106914476,-0.017986149,0.06599641,4908
0.105679564,-0.017841727,0.06741452,4926
0.105679564,-0.017841727,0.06741452,4942
0.10497368,-0.017696232,0.06793833,4960
0.10497368,-0.017696232,0.06793833,4977
0.103929386,-0.017519891,0.06757617,4993
0.103929386,-0.017519891,0.06757617,5010
0.102769166,-0.017811239,0.06600046,5027
0.102769166,-0.017811239,0.06600046,5044
0.10108194,-0.018136472,0.06265354,5063
0.10108194,-0.018136472,0.06265354,5079
0.09917386,-0.018314868,0.05897951,5096
0.09917386,-0.018314868,0.05897951,5112
0.098102525,-0.017886788,0.056322575,5129
0.098102525,-0.017886788,0.056322575,5146
0.097857974,-0.017804772,0.055459738,5164
0.097857974,-0.017804772,0.055459738,5180
0.09776979,-0.017820925,0.055186033,5197
0.09776979,-0.017820925,0.055186033,5214
0.097884275,-0.017831028,0.055116177,5231
0.09823084,-0.017786235,0.05602169,5252
0.09823084,-0.017786235,0.05602169,5266
0.09823084,-0.017786235,0.05602169,5282
0.09978956,-0.017547905,0.058231354,5298
0.10076925,-0.017594934,0.06090164,5315
0.10076925,-0.017594934,0.06090164,5332
0.10076925,-0.017594934,0.06090164,5349
0.10105032,-0.01727131,0.062416315,5365
0.10105032,-0.01727131,0.062416315,5382
0.10123369,-0.017052293,0.063439846,5399
0.101307094,-0.01707539,0.063547134,5416
0.101307094,-0.01707539,0.063547134,5436
0.101307094,-0.01707539,0.063547134,5451
0.101714246,-0.017267823,0.06484604,5467
0.101978175,-0.017202705,0.064894676,5485
0.101978175,-0.017202705,0.064894676,5499
0.10192494,-0.01733774,0.06464362,5518
0.10192494,-0.01733774,0.06464362,5536
0.10192494,-0.01733774,0.06464362,5552
0.10199629,-0.017416209,0.06443524,5570
0.10211036,-0.017634124,0.064510584,5586
0.10211036,-0.017634124,0.064510584,5606
0.10211685,-0.017630905,0.06452775,5621
0.10211685,-0.017630905,0.06452775,5637
0.102164336,-0.017862886,0.064762354,5654
0.102164336,-0.017862886,0.064762354,5670
0.10219323,-0.017872453,0.064775705,5686
0.10219323,-0.017872453,0.064775705,5704
0.1021913,-0.017891437,0.064787865,5720
0.1021913,-0.017891437,0.064787865,5739
0.10242629,-0.017926604,0.06525993,5755
0.10242629,-0.017926604,0.06525993,5774
0.1025265,-0.018042564,0.06562805,5789
0.1025265,-0.018042564,0.06562805,5805
0.10342902,-0.018207222,0.068445444,5822
0.10342902,-0.018207222,0.068445444,5839
0.10366909,-0.018569648,0.07003498,5857
0.10366909,-0.018569648,0.07003498,5872
0.10375291,-0.018042356,0.07254267,5890
0.10375291,-0.018042356,0.07254267,5906
0.10367362,-0.018288076,0.074031115,5924
0.10367362,-0.018288076,0.074031115,5941
0.1028996,-0.018371195,0.075807095,5959
0.1028996,-0.018371195,0.075807095,5974
0.10274172,-0.018669158,0.078318834,5992
0.10274172,-0.018669158,0.078318834,6008
0.10237685,-0.018781275,0.07927942,6026
0.10237685,-0.018781275,0.07927942,6042
0.10208188,-0.018948346,0.07965851,6059
0.10208188,-0.018948346,0.07965851,6075
0.10192487,-0.019008249,0.07992959,6093
0.10192487,-0.019008249,0.07992959,6111
0.10096594,-0.019273192,0.07919693,6128
0.10096594,-0.019273192,0.07919693,6144
0.10087371,-0.019214898,0.07908726,6161
0.10087371,-0.019214898,0.07908726,6177
0.10050834,-0.019020677,0.0771656,6195
0.10050834,-0.019020677,0.0771656,6212
0.101269715,-0.018600732,0.075452805,6230
0.101269715,-0.018600732,0.075452805,6246
0.10098033,-0.01824674,0.074098825,6264
0.10098033,-0.01824674,0.074098825,6280
0.10114664,-0.018550396,0.07357097,6296
0.10114664,-0.018550396,0.07357097,6314
0.10130327,-0.018758118,0.0735507,6331
0.10130327,-0.018758118,0.0735507,6348
0.10152579,-0.018738061,0.073672056,6365
0.10152579,-0.018738061,0.073672056,6382
0.10179826,-0.018985659,0.07402682,6399
0.10213333,-0.019011855,0.07462549,6418
0.10213333,-0.019011855,0.07462549,6433
0.10213333,-0.019011855,0.07462549,6450
0.10239217,-0.019173801,0.07550883,6468
0.10258425,-0.019417137,0.07733464,6485
0.10258425,-0.019417137,0.07733464,6501
0.103572056,-0.02050677,0.08031106,6519
0.103572056,-0.02050677,0.08031106,6536
0.10395278,-0.020306855,0.07985258,6552
0.10395278,-0.020306855,0.07985258,6571
0.10503669,-0.021462858,0.08263183,6587
0.10503669,-0.021462858,0.08263183,6603
0.10516518,-0.022384495,0.08327818,6620
0.10516518,-0.022384495,0.08327818,6638
0.10547285,-0.022215456,0.08342767,6654
0.10547285,-0.022215456,0.08342767,6671
0.10559259,-0.02227509,0.08328056,6687
0.10559259,-0.02227509,0.08328056,6705
0.10563095,-0.022305518,0.08316994,6723
0.10563095,-0.022305518,0.08316994,6738
0.10567963,-0.022225082,0.08316445,6754
0.10567963,-0.022225082,0.08316445,6772
0.105705656,-0.022200435,0.08306813,6790
0.105705656,-0.022200435,0.08306813,6807
0.10561753,-0.021758586,0.08286953,6822
0.10561753,-0.021758586,0.08286953,6839
0.10560198,-0.021740317,0.08286977,6858
0.10560198,-0.021740317,0.08286977,6875
0.105558954,-0.021738023,0.08287048,6891
0.105558954,-0.021738023,0.08287048,6907
0.10524438,-0.021771789,0.08287859,6925
0.10524438,-0.021771789,0.08287859,6940
0.1046778,-0.02184233,0.08310604,6957
0.1046778,-0.02184233,0.08310604,6974
0.103878886,-0.021852612,0.083631516,6991
0.103878886,-0.021852612,0.083631516,7008
0.10294843,-0.021861851,0.08410454,7027
0.10294843,-0.021861851,0.08410454,7042
0.102024615,-0.02135092,0.08452797,7059
0.102024615,-0.02135092,0.08452797,7077
0.10136795,-0.02094838,0.08483553,7094
0.10136795,-0.02094838,0.08483553,7110
0.10086126,-0.02089551,0.08464718,7127
0.10086126,-0.02089551,0.08464718,7144
0.10060726,-0.02103901,0.08430958,7161
0.10060726,-0.02103901,0.08430958,7178
0.09972989,-0.020453513,0.08241773,7197
0.09972989,-0.020453513,0.08241773,7212
0.09967125,-0.02048856,0.08137512,7229
0.09967125,-0.02048856,0.08137512,7246
0.09966004,-0.020644218,0.080046654,7263
0.09966004,-0.020644218,0.080046654,7280
0.099943765,-0.020759374,0.07950425,7297
0.099943765,-0.020759374,0.07950425,7314
0.10037598,-0.020854205,0.07862568,7330
0.10037598,-0.020854205,0.07862568,7347
0.100863144,-0.020589232,0.07743764,7365
0.100863144,-0.020589232,0.07743764,7380
0.10115934,-0.020676255,0.077003,7397
0.10115934,-0.020676255,0.077003,7413
0.10128816,-0.020736516,0.076331854,7430
0.10128816,-0.020736516,0.076331854,7447
0.101940505,-0.020467043,0.07518077,7464
0.102358535,-0.02019301,0.07437205,7482
0.102358535,-0.02019301,0.07437205,7498
0.102358535,-0.02019301,0.07437205,7517
0.10248559,-0.02004838,0.07382727,7532
0.10248559,-0.02004838,0.07382727,7549
0.102620676,-0.019980371,0.07339263,7566
0.102620676,-0.019980371,0.07339263,7583
0.10192782,-0.020550817,0.07309842,7600
0.10192782,-0.020550817,0.07309842,7617
0.10139264,-0.020846635,0.07288885,7635
0.10059237,-0.020862103,0.07204604,7652
0.10059237,-0.020862103,0.07204604,7670
0.09979254,-0.020946026,0.07136536,7685
0.09979254,-0.020946026,0.07136536,7700
0.09979254,-0.020946026,0.07136536,7718
0.09915174,-0.020873785,0.070483446,7735
0.09757919,-0.021861643,0.067629814,7752
0.09757919,-0.021861643,0.067629814,7768
0.09753908,-0.021968156,0.06749725,7785
0.09753908,-0.021968156,0.06749725,7802
0.09740625,-0.02223903,0.06708813,7822
0.09740625,-0.02223903,0.06708813,7837
0.09761591,-0.022367924,0.06725669,7854
0.09761591,-0.022367924,0.06725669,7870
0.09763984,-0.02264759,0.067106485,7886
0.09763984,-0.02264759,0.067106485,7904
0.0976509,-0.0226039,0.06711078,7922
0.0976509,-0.0226039,0.06711078,7938
0.09778391,-0.022849917,0.06728387,7955
0.09778391,-0.022849917,0.06728387,7973
0.09773009,-0.022992074,0.067163944,7990
0.09773009,-0.022992074,0.067163944,8006
0.09762615,-0.023091048,0.06705356,8022
0.09762615,-0.023091048,0.06705356,8040
0.09759141,-0.023181587,0.06706548,8058
0.09759141,-0.023181587,0.06706548,8073
0.09729424,-0.02306059,0.06670952,8090
0.09729424,-0.02306059,0.06670952,8107
0.097132295,-0.022990972,0.06662655,8125
0.097132295,-0.022990972,0.06662655,8141
0.097073115,-0.023064941,0.066657305,8158
0.097073115,-0.023064941,0.066657305,8174
0.09708853,-0.022925049,0.066693306,8192
0.09708853,-0.022925049,0.066693306,8209
0.097060844,-0.022877425,0.066642284,8226
0.097060844,-0.022877425,0.066642284,8242
0.09712769,-0.022914827,0.0664227,8261
0.09712769,-0.022914827,0.0664227,8275
0.09733954,-0.023156494,0.066337585,8293
0.09733954,-0.023156494,0.066337585,8309
0.097502984,-0.023186773,0.066280365,8327
0.097502984,-0.023186773,0.066280365,8343
0.0978254,-0.023205906,0.06620693,8362
0.0978254,-0.023205906,0.06620693,8377
0.09924644,-0.022256136,0.06659794,8396
0.09924644,-0.022256136,0.06659794,8411
0.09950757,-0.022382945,0.06665325,8428
0.09950757,-0.022382945,0.06665325,8445
0.099738464,-0.02266401,0.06689787,8473
0.09980604,-0.022691667,0.06702757,8490
0.09980604,-0.022691667,0.06702757,8507
0.09987258,-0.022785813,0.067041874,8523
0.09987258,-0.022785813,0.067041874,8540
0.09987965,-0.022782296,0.066985846,8557
0.09987965,-0.022782296,0.066985846,8575
0.09989588,-0.022795647,0.066993,8591
0.09989588,-0.022795647,0.066993,8607
0.099831395,-0.02284953,0.067361355,8625
0.099831395,-0.02284953,0.067361355,8641
0.099835046,-0.02279535,0.06736016,8658
0.099835046,-0.02279535,0.06736016,8675
0.099767745,-0.022967666,0.06735802,8693
0.099767745,-0.022967666,0.06735802,8709
0.099725835,-0.022931576,0.067266226,8727
0.099725835,-0.022931576,0.067266226,8745
0.099574685,-0.022799581,0.066924095,8761
0.099574685,-0.022799581,0.066924095,8777
0.09961465,-0.022804439,0.06686592,8795
0.09961465,-0.022804439,0.06686592,8811
0.09979251,-0.022714168,0.06676674,8828
0.09979251,-0.022714168,0.06676674,8845
0.09986391,-0.02265358,0.06670022,8862
0.09986391,-0.02265358,0.06670022,8878
0.099955186,-0.022676438,0.06672788,8897
0.099955186,-0.022676438,0.06672788,8913
0.100555144,-0.022177517,0.066927195,8929
0.100555144,-0.022177517,0.066927195,8946
0.10079586,-0.022251517,0.06735587,8963
0.10079586,-0.022251517,0.06735587,8979
0.10092066,-0.022286445,0.06767702,8995
0.10092066,-0.022286445,0.06767702,9011
0.100933775,-0.022274047,0.06828189,9028
0.100933775,-0.022274047,0.06828189,9047
0.100767225,-0.022366881,0.06879139,9063
0.100767225,-0.022366881,0.06879139,9079
0.10035309,-0.022234976,0.06968212,9097
0.10035309,-0.022234976,0.06968212,9113
0.09992987,-0.021817744,0.0708971,9130
0.09992987,-0.021817744,0.0708971,9146
0.099645734,-0.021710962,0.07225299,9162
0.099390075,-0.021879673,0.07380724,9188
0.099390075,-0.021879673,0.07380724,9206
0.09942921,-0.021564543,0.075504065,9224
0.09942921,-0.021564543,0.075504065,9241
0.09941085,-0.021728784,0.0766232,9257
0.09941085,-0.021728784,0.0766232,9274
0.09913977,-0.022231221,0.077557325,9291
0.09913977,-0.022231221,0.077557325,9307
0.09896341,-0.02211079,0.07817221,9325
0.09896341,-0.02211079,0.07817221,9341
0.09887533,-0.022569358,0.078755856,9359
0.09887533,-0.022569358,0.078755856,9375
0.098768696,-0.022635788,0.07877016,9393
0.098768696,-0.022635788,0.07877016,9409
0.09876154,-0.02261433,0.07887149,9426
0.09876154,-0.02261433,0.07887149,9443
0.09879183,-0.022457361,0.079009056,9463
0.09879183,-0.022457361,0.079009056,9478
0.09876225,-0.022693753,0.079156876,9495
0.09876225,-0.022693753,0.079156876,9511
0.09895018,-0.02349475,0.08004856,9539
0.099063195,-0.024359524,0.081202984,9557
0.099063195,-0.024359524,0.081202984,9572
0.098717764,-0.024124771,0.08242297,9589
0.098717764,-0.024124771,0.08242297,9607
0.09868914,-0.024099916,0.082550526,9624
0.09868914,-0.024099916,0.082550526,9640
0.09807412,-0.024104327,0.08282113,9657
0.09807412,-0.024104327,0.08282113,9674
0.09758279,-0.023810685,0.082621336,9692
0.09758279,-0.023810685,0.082621336,9708
0.09750344,-0.023936123,0.08263874,9727
0.09750344,-0.023936123,0.08263874,9745
0.09754488,-0.02389139,0.08264971,9760
0.09754488,-0.02389139,0.08264971,9777
0.09756021,-0.02413714,0.08232403,9794
0.09756021,-0.02413714,0.08232403,9811
0.09763576,-0.023851007,0.081715345,9829
0.09763576,-0.023851007,0.081715345,9845
0.09803165,-0.024074435,0.080758095,9862
0.09803165,-0.024074435,0.080758095,9879
0.097805135,-0.023964822,0.07713747,9896
0.097805135,-0.023964822,0.07713747,9913
0.098023206,-0.023303568,0.07575607,9930
0.098023206,-0.023303568,0.07575607,9947
0.0983929,-0.023272365,0.072687626,9964
0.0983929,-0.023272365,0.072687626,9981
0.098763555,-0.023072809,0.07201123,9998
0.0992723,-0.022865772,0.07141614,10017
0.0992723,-0.022865772,0.07141614,10032
0.0992723,-0.022865772,0.07141614,10049
0.099581294,-0.022425085,0.071603775,10066
0.0999671,-0.022515178,0.07174778,10082
0.0999671,-0.022515178,0.07174778,10100
0.10016743,-0.022316575,0.07185888,10118
0.10016743,-0.022316575,0.07185888,10134
0.10028826,-0.022342354,0.07209945,10151
0.10028826,-0.022342354,0.07209945,10168
0.10083827,-0.021775365,0.07282853,10186
0.10083827,-0.021775365,0.07282853,10202
0.10103668,-0.021921813,0.07300925,10219
0.10103668,-0.021921813,0.07300925,10237
0.10121919,-0.022093743,0.07317376,10252
0.10121919,-0.022093743,0.07317376,10272
0.101196714,-0.022180438,0.073174715,10287
0.101196714,-0.022180438,0.073174715,10304
0.10107599,-0.022255152,0.07305741,10321
0.10107599,-0.022255152,0.07305741,10338
0.10104295,-0.022248328,0.07338476,10355
0.10104295,-0.022248328,0.07338476,10372
0.1010103,-0.02229622,0.07337785,10390
0.1010103,-0.02229622,0.07337785,10405
0.100722164,-0.022368312,0.07319927,10421
0.100722164,-0.022368312,0.07319927,10438
0.10080882,-0.022526145,0.07285237,10454
0.10080882,-0.022526145,0.07285237,10471
0.10082747,-0.02266118,0.07172346,10489
0.10082747,-0.02266118,0.07172346,10505
0.100554965,-0.023100317,0.07026124,10524
0.100554965,-0.023100317,0.07026124,10540
0.10069782,-0.023007989,0.06930947,10556
0.10069782,-0.023007989,0.06930947,10573
0.10125479,-0.023102313,0.06847477,10591
0.10125479,-0.023102313,0.06847477,10607
0.102332726,-0.023278415,0.067640305,10623
0.102332726,-0.023278415,0.067640305,10640
0.1030114,-0.023265302,0.06708336,10658
0.1030114,-0.023265302,0.06708336,10674
0.104519814,-0.02358377,0.06599569,10691
0.104519814,-0.02358377,0.06599569,10708
0.105879776,-0.024057776,0.06588912,10726
0.105879776,-0.024057776,0.06588912,10742
0.10644288,-0.024149299,0.066043854,10761
0.10644288,-0.024149299,0.066043854,10776
0.106576614,-0.024247885,0.06559634,10793
0.106576614,-0.024247885,0.06559634,10809
0.10651534,-0.024166197,0.06558561,10826
0.10651534,-0.024166197,0.06558561,10843
0.10621813,-0.024312437,0.06594992,10861
0.10621813,-0.024312437,0.06594992,10877
0.10581911,-0.024262607,0.06660104,10894
0.10581911,-0.024262607,0.06660104,10910
0.10509041,-0.024923056,0.0682807,10939
0.10408248,-0.02496636,0.07005596,10955
0.10408248,-0.02496636,0.07005596,10973
0.10205181,-0.024278551,0.07299948,10991
0.10205181,-0.024278551,0.07299948,11008
0.09945008,-0.023861527,0.07505679,11024
0.09945008,-0.023861527,0.07505679,11041
0.09777299,-0.023596942,0.07678652,11058
0.09777299,-0.023596942,0.07678652,11075
0.096682616,-0.023803443,0.077459574,11092
0.096682616,-0.023803443,0.077459574,11108
0.095364675,-0.024117619,0.07894611,11126
0.095364675,-0.024117619,0.07894611,11142
0.09438347,-0.02427122,0.0795517,11159
0.09438347,-0.02427122,0.0795517,11176
0.093245074,-0.024211377,0.08008504,11194
0.093245074,-0.024211377,0.08008504,11210
0.09243297,-0.024200499,0.08078551,11229
0.09243297,-0.024200499,0.08078551,11244
0.09163525,-0.024306953,0.08173895,11261
0.09163525,-0.024306953,0.08173895,11278
0.09063062,-0.023959666,0.08302379,11295
0.09063062,-0.023959666,0.08302379,11312
0.09019112,-0.024074465,0.083206415,11329
0.09019112,-0.024074465,0.083206415,11346
0.08967908,-0.02415809,0.0833807,11363
0.08967908,-0.02415809,0.0833807,11380
0.08937346,-0.024196357,0.083502054,11397
0.08937346,-0.024196357,0.083502054,11414
0.0892459,-0.024248302,0.083578825,11431
0.089099765,-0.024460971,0.08336735,11450
0.089099765,-0.024460971,0.08336735,11466
0.089099765,-0.024460971,0.08336735,11482
0.08903954,-0.024449617,0.08335209,11499
0.08883117,-0.024267435,0.08291149,11516
0.08883117,-0.024267435,0.08291149,11533
0.0889146,-0.024194717,0.08222079,11551
0.0889146,-0.024194717,0.08222079,11568
0.0889146,-0.024194717,0.08222079,11584
0.08937161,-0.024157614,0.08157325,11601
0.09025128,-0.023918658,0.079954624,11618
0.09025128,-0.023918658,0.079954624,11635
0.09084917,-0.023541093,0.07829499,11652
0.09084917,-0.023541093,0.07829499,11671
0.091604024,-0.023187041,0.07752323,11686
0.091604024,-0.023187041,0.07752323,11701
0.092019156,-0.023127943,0.07702613,11719
0.092019156,-0.023127943,0.07702613,11736
0.09279376,-0.023485154,0.07610726,11753
0.09279376,-0.023485154,0.07610726,11770
0.09334324,-0.023608059,0.07620907,11786
0.09334324,-0.023608059,0.07620907,11804
0.09357857,-0.023740888,0.076126814,11820
0.09357857,-0.023740888,0.076126814,11838
0.09557332,-0.022735298,0.07503629,11855
0.09557332,-0.022735298,0.07503629,11874
0.09567128,-0.022819132,0.07504034,11889
0.09567128,-0.022819132,0.07504034,11906
0.09565261,-0.022854328,0.074961424,11923
0.09565261,-0.022854328,0.074961424,11940
0.095707424,-0.02300033,0.07509565,11956
0.095707424,-0.02300033,0.07509565,11973
0.09573193,-0.023028314,0.07518029,11991
0.09573193,-0.023028314,0.07518029,12007
0.09579084,-0.02289322,0.07550359,12025
0.09579084,-0.02289322,0.07550359,12041
0.095825,-0.022961646,0.07557464,12059
0.095825,-0.022961646,0.07557464,12077
0.09577797,-0.022929162,0.07563329,12093
0.09577797,-0.022929162,0.07563329,12108
0.095733255,-0.022981197,0.07569456,12126
0.095733255,-0.022981197,0.07569456,12142
0.09575809,-0.023025304,0.07625198,12160
0.09575809,-0.023025304,0.07625198,12176
0.0957035,-0.02297002,0.076285124,12194
0.0957035,-0.02297002,0.076285124,12210
0.09570721,-0.022908568,0.076444864,12228
0.09570721,-0.022908568,0.076444864,12244
0.09567647,-0.022881985,0.07658291,12261
0.09567647,-0.022881985,0.07658291,12280
0.09566727,-0.022871107,0.07670236,12296
0.09566727,-0.022871107,0.07670236,12312
0.09569616,-0.02287203,0.07671118,12329
0.09569616,-0.02287203,0.07671118,12346
0.09575595,-0.022922516,0.07672477,12363
0.09575595,-0.022922516,0.07672477,12380
0.095797226,-0.023033112,0.0761044,12396
0.095797226,-0.023033112,0.0761044,12413
0.09570811,-0.02389729,0.07493758,12430
0.09570811,-0.02389729,0.07493758,12447
0.09734678,-0.023188502,0.07295179,12466
0.09734678,-0.023188502,0.07295179,12483
0.097081125,-0.025482416,0.06970811,12498
0.097081125,-0.025482416,0.06970811,12515
0.09860477,-0.024490595,0.06750226,12533
0.09860477,-0.024490595,0.06750226,12548
0.09864374,-0.029079199,0.05872798,12563
0.09864374,-0.029079199,0.05872798,12580
0.09956929,-0.030270487,0.0551126,12597
0.09956929,-0.030270487,0.0551126,12614
0.100372784,-0.03031525,0.04778886,12631
0.100372784,-0.03031525,0.04778886,12650
0.10047251,-0.030607969,0.044017076,12666
0.100722276,-0.031759053,0.040023327,12683
0.100722276,-0.031759053,0.040023327,12698
0.100722276,-0.031759053,0.040023327,12715
0.10079855,-0.031657636,0.03623438,12732
0.10102904,-0.032191247,0.03535509,12750
0.10102904,-0.032191247,0.03535509,12766
0.1011756,-0.032373965,0.03508115,12785
0.1011756,-0.032373965,0.03508115,12800
0.1011756,-0.032373965,0.03508115,12818
0.101081975,-0.032628864,0.034826517,12837
0.10109824,-0.03253591,0.034882545,12852
0.10109824,-0.03253591,0.034882545,12868
0.10107429,-0.032771826,0.03650403,12885
0.10107429,-0.032771826,0.03650403,12901
0.10107429,-0.032771826,0.03650403,12919
0.10056245,-0.032240123,0.037293434,12936
0.10145989,-0.027461529,0.04512453,12952
0.10145989,-0.027461529,0.04512453,12970
0.10159953,-0.02553153,0.049095154,12987
0.10159953,-0.02553153,0.049095154,13004
0.10080137,-0.026378423,0.0491879,13021
0.10080137,-0.026378423,0.0491879,13037
0.09938929,-0.026931554,0.050005436,13054
0.09938929,-0.026931554,0.050005436,13069
0.09842849,-0.027614117,0.0509727,13086
0.09842849,-0.027614117,0.0509727,13102
0.09781533,-0.027724892,0.053238392,13119
0.09781533,-0.027724892,0.053238392,13134
0.09697661,-0.027939051,0.054773808,13152
0.09697661,-0.027939051,0.054773808,13171
0.09631662,-0.027929455,0.055817842,13185
0.09631662,-0.027929455,0.055817842,13202
0.09631662,-0.027929455,0.055817842,13217
0.09558806,-0.02803275,0.058541298,13233
0.09558806,-0.02803275,0.058541298,13249
0.09530245,-0.028080165,0.05950451,13265
0.09530245,-0.028080165,0.05950451,13280
0.094836846,-0.028186291,0.06029606,13297
0.094836846,-0.028186291,0.06029606,13313
0.09466095,-0.027890652,0.060883045,13332
0.09466095,-0.027890652,0.060883045,13348
0.09462088,-0.027593702,0.061096907,13364
0.09462088,-0.027593702,0.061096907,13381
0.09462247,-0.027606666,0.06120205,13397
0.09462247,-0.027606666,0.06120205,13414
0.094666235,-0.027429909,0.061215878,13430
0.094666235,-0.027429909,0.061215878,13447
0.0946266,-0.027188897,0.06108761,13463
0.0946266,-0.027188897,0.06108761,13480
0.09464787,-0.027299315,0.060813427,13499
0.09464787,-0.027299315,0.060813427,13515
0.094630666,-0.027203858,0.060256004,13531
0.094630666,-0.027203858,0.060256004,13548
0.09466121,-0.027292788,0.059807777,13565
0.09473198,-0.027297854,0.059687138,13581
0.09473198,-0.027297854,0.059687138,13597
0.09473198,-0.027297854,0.059687138,13613
0.0949076,-0.027391464,0.05953431,13630
0.0949076,-0.027391464,0.05953431,13649
0.09628977,-0.026304722,0.059707403,13664
0.09628977,-0.026304722,0.059707403,13681
0.0962071,-0.026286662,0.058961153,13698
0.0962071,-0.026286662,0.058961153,13715
0.09574334,-0.027129322,0.057050228,13733
0.09574334,-0.027129322,0.057050228,13749
0.09558799,-0.02710405,0.056450605,13766
0.09547159,-0.027363807,0.05620575,13783
0.09547159,-0.027363807,0.05620575,13801
0.09547159,-0.027363807,0.05620575,13818
0.09661194,-0.026198328,0.056813955,13834
0.09657044,-0.026312083,0.056748867,13852
0.09657044,-0.026312083,0.056748867,13868
0.09631407,-0.02658847,0.05644083,13885
0.09631407,-0.02658847,0.05644083,13902
0.09631407,-0.02658847,0.05644083,13919
0.096222356,-0.02687788,0.056191206,13936
0.09715861,-0.025880516,0.05694127,13955
0.09715861,-0.025880516,0.05694127,13970
0.09700224,-0.026104897,0.056643248,13986
0.09700224,-0.026104897,0.056643248,14004
0.096969105,-0.026150912,0.05667472,14021
0.096969105,-0.026150912,0.05667472,14038
0.096925035,-0.02631408,0.05660844,14054
0.096925035,-0.02631408,0.05660844,14071
0.096776575,-0.026727766,0.056901455,14088
0.096776575,-0.026727766,0.056901455,14107
0.09665851,-0.02686426,0.05734372,14124
0.09665851,-0.02686426,0.05734372,14140
0.09640585,-0.026898444,0.05811143,14158
0.09640585,-0.026898444,0.05811143,14174
0.09632224,-0.026968092,0.059160948,14192
0.09632224,-0.026968092,0.059160948,14208
0.096220635,-0.026576549,0.0605371,14226
0.096220635,-0.026576549,0.0605371,14244
0.096173346,-0.02637577,0.062819004,14261
0.096173346,-0.02637577,0.062819004,14276
0.09633397,-0.025895655,0.064301014,14295
0.09633397,-0.025895655,0.064301014,14310
0.09652753,-0.025443077,0.06534982,14326
0.09652753,-0.025443077,0.06534982,14344
0.09636557,-0.025316447,0.06606126,14362
0.09636557,-0.025316447,0.06606126,14378
0.09631578,-0.02532667,0.06706834,14396
0.09631578,-0.02532667,0.06706834,14414
0.09634693,-0.02533415,0.06780934,14430
0.09634693,-0.02533415,0.06780934,14447
0.09616991,-0.025113612,0.06811905,14464
0.09616991,-0.025113612,0.06811905,14482
0.09601143,-0.024953842,0.06837177,14499
0.09601143,-0.024953842,0.06837177,14517
0.09577936,-0.024909228,0.06860018,14533
0.09583074,-0.024908513,0.068743706,14551
0.09583074,-0.024908513,0.068743706,14567
0.095775746,-0.024731934,0.068918705,14585
0.095775746,-0.024731934,0.068918705,14601
0.095775746,-0.024731934,0.068918705,14620
0.09570834,-0.024728954,0.068930626,14634
0.095706984,-0.024644524,0.06894374,14652
0.095706984,-0.024644524,0.06894374,14669
0.095718525,-0.024677724,0.06895208,14686
0.095718525,-0.024677724,0.06895208,14702
0.09577734,-0.024729073,0.06907225,14719
0.09577734,-0.024729073,0.06907225,14736
0.09577585,-0.024707794,0.069005966,14753
0.09577585,-0.024707794,0.069005966,14770
0.09570945,-0.02390796,0.06878734,14786
0.09570945,-0.02390796,0.06878734,14804
0.09571205,-0.02391082,0.06879282,14822
0.09571205,-0.02391082,0.06879282,14838
0.09571631,-0.023886293,0.068911314,14854
0.09571631,-0.023886293,0.068911314,14872
0.09568117,-0.023778409,0.06928706,14889
0.09568117,-0.023778409,0.06928706,14906
0.09579433,-0.023351401,0.07056451,14922
0.09579433,-0.023351401,0.07056451,14940
0.09611691,-0.02330941,0.072752714,14957
0.09611691,-0.02330941,0.072752714,14973
0.09611176,-0.023195982,0.07354498,14990
0.09611176,-0.023195982,0.07354498,15007
0.09614717,-0.023109257,0.07415056,15025
0.09614717,-0.023109257,0.07415056,15043
0.0961089,-0.023038238,0.07419109,15060
0.0961089,-0.023038238,0.07419109,15076
0.096143916,-0.023026973,0.07421899,15093
0.096143916,-0.023026973,0.07421899,15110
0.096197926,-0.022982568,0.07417631,15127
0.096197926,-0.022982568,0.07417631,15144
0.09632243,-0.022995234,0.07397032,15162
0.09632243,-0.022995234,0.07397032,15178
0.096347265,-0.022962362,0.07381034,15195
0.096347265,-0.022962362,0.07381034,15213
0.09656524,-0.023008734,0.0737648,15229
0.09656524,-0.023008734,0.0737648,15246
0.097751275,-0.022508085,0.07334471,15263
0.097751275,-0.022508085,0.07334471,15279
0.097851664,-0.022723615,0.073679686,15296
0.097851664,-0.022723615,0.073679686,15313
0.09799325,-0.022838652,0.07395244,15330
0.09799325,-0.022838652,0.07395244,15347
0.09823157,-0.022791654,0.07450962,15364
0.09823157,-0.022791654,0.07450962,15381
0.098203406,-0.023269653,0.07437444,15400
0.098203406,-0.023269653,0.07437444,15416
0.09821694,-0.023132026,0.07441378,15432
0.09821694,-0.023132026,0.07441378,15449
0.09822929,-0.023287773,0.07459688,15466
0.09887857,-0.022800446,0.074279785,15483
0.09887857,-0.022800446,0.074279785,15502
0.09887857,-0.022800446,0.074279785,15516
0.0985692,-0.022785008,0.074800014,15533
0.098500706,-0.022752225,0.07492089,15550
0.098500706,-0.022752225,0.07492089,15567
0.09852387,-0.022785395,0.07525849,15586
0.09852387,-0.022785395,0.07525849,15602
0.09852387,-0.022785395,0.07525849,15619
0.098495506,-0.02311948,0.07563472,15635
0.098401286,-0.023097306,0.075704336,15651
0.098401286,-0.023097306,0.075704336,15669
0.09838259,-0.023166507,0.07568169,15685
0.09838259,-0.023166507,0.07568169,15703
0.09838259,-0.023166507,0.07568169,15720
0.09835443,-0.023145944,0.07566643,15738
0.0983504,-0.023168981,0.07565355,15757
0.0983504,-0.023168981,0.07565355,15771
0.09832824,-0.023187399,0.0756402,15787
0.09832824,-0.023187399,0.0756402,15805
0.09831237,-0.023302078,0.07571435,15822
0.09831237,-0.023302078,0.07571435,15838
0.09835179,-0.02313453,0.0759747,15854
0.09835179,-0.02313453,0.0759747,15872
0.09838188,-0.023088932,0.07616687,15890
0.09838188,-0.023088932,0.07616687,15906
0.09833464,-0.023312032,0.07639456,15924
0.09833464,-0.023312032,0.07639456,15940
0.09830035,-0.023342729,0.07681465,15958
0.09830035,-0.023342729,0.07681465,15973
0.098186746,-0.023390919,0.07717776,15990
0.098186746,-0.023390919,0.07717776,16007
0.09805152,-0.023350507,0.07749128,16024
0.09805152,-0.023350507,0.07749128,16041
0.098028295,-0.023382366,0.07808161,16059
0.098028295,-0.023382366,0.07808161,16075
0.09808289,-0.023702413,0.07905316,16096
0.09808289,-0.023702413,0.07905316,16110
0.097919345,-0.023676038,0.079385996,16127
0.097919345,-0.023676038,0.079385996,16143
0.09784258,-0.0237073,0.080495834,16160
0.09784258,-0.0237073,0.080495834,16177
0.09779103,-0.023587584,0.08089781,16193
0.09779103,-0.023587584,0.08089781,16210
0.097706944,-0.023551136,0.08122492,16228
0.097706944,-0.023551136,0.08122492,16244
0.097693756,-0.02359426,0.08149409,16263
0.097693756,-0.02359426,0.08149409,16278
0.09761452,-0.023573965,0.081558466,16295
0.09761452,-0.023573965,0.081558466,16312
0.0975763,-0.02359429,0.0816071,16329
0.0975763,-0.02359429,0.0816071,16345
0.09752598,-0.023530304,0.08166504,16362
0.09752598,-0.023530304,0.08166504,16378
0.097532615,-0.023434639,0.08188748,16396
0.097532615,-0.023434639,0.08188748,16416
0.09745486,-0.023405403,0.082380295,16430
0.09745486,-0.023405403,0.082380295,16447
0.0974721,-0.023552477,0.08254504,16464
0.0974721,-0.023552477,0.08254504,16481
0.097413495,-0.02345404,0.08268356,16498
0.097413495,-0.02345404,0.08268356,16514
0.097281516,-0.02333209,0.08283138,16529
0.097281516,-0.02333209,0.08283138,16547
0.097265616,-0.023355752,0.08291769,16564
0.097265616,-0.023355752,0.08291769,16581
0.09724765,-0.023323327,0.0829165,16600
0.0971752,-0.02324596,0.08302188,16617
0.0971752,-0.02324596,0.08302188,16632
0.0971752,-0.02324596,0.08302188,16650
0.09712849,-0.023235261,0.083018064,16666
0.0971481,-0.023120493,0.08311987,16684
0.0971481,-0.023120493,0.08311987,16700
0.0971481,-0.023120493,0.08311987,16717
0.09710779,-0.023114085,0.083112955,16735
0.09710779,-0.023114085,0.083112955,16752
0.09695418,-0.022928834,0.082948446,16769
0.09695343,-0.022794217,0.082829,16788
0.09695343,-0.022794217,0.082829,16802
0.09680441,-0.02289635,0.08213782,16819
0.09680441,-0.02289635,0.08213782,16836
0.09672326,-0.02279383,0.08160329,16853
0.09672326,-0.02279383,0.08160329,16870
0.09697543,-0.022805452,0.081131935,16887
0.09697543,-0.022805452,0.081131935,16904
0.09707333,-0.02284363,0.08112264,16921
0.09707333,-0.02284363,0.08112264,16938
0.09766122,-0.022565246,0.0819428,16954
0.09766122,-0.022565246,0.0819428,16972
0.097977325,-0.022719622,0.082927704,16989
0.097977325,-0.022719622,0.082927704,17008
0.09863432,-0.022550672,0.08492851,17023
0.09863432,-0.022550672,0.08492851,17040
0.09900053,-0.022278488,0.08767724,17057
0.09900053,-0.022278488,0.08767724,17074
0.09898043,-0.02229771,0.08926082,17091
0.09898043,-0.02229771,0.08926082,17108
0.09891651,-0.021749765,0.091834545,17126
0.09891651,-0.021749765,0.091834545,17141
0.0994561,-0.021425068,0.09608841,17160
0.0994561,-0.021425068,0.09608841,17176
0.09996252,-0.020981789,0.09913874,17204
0.10005721,-0.020919025,0.100819826,17219
0.10005721,-0.020919025,0.100819826,17237
0.100472085,-0.020507157,0.10347223,17255
0.100472085,-0.020507157,0.10347223,17271
0.10049321,-0.020746559,0.105767965,17289
0.10049321,-0.020746559,0.105767965,17304
0.101961605,-0.020455569,0.1112082,17321
0.101961605,-0.020455569,0.1112082,17338
0.102210104,-0.020244688,0.114457846,17354
0.102210104,-0.020244688,0.114457846,17372
0.10327886,-0.020984769,0.12056017,17388
0.10327886,-0.020984769,0.12056017,17406
0.10422389,-0.020251125,0.12525225,17422
0.10422389,-0.020251125,0.12525225,17440
0.10478264,-0.021004945,0.12943983,17457
0.10478264,-0.021004945,0.12943983,17472
0.10448662,-0.02107358,0.13150549,17489
0.10448662,-0.02107358,0.13150549,17507
0.10444921,-0.02169606,0.13358998,17523
0.10444921,-0.02169606,0.13358998,17542
0.10464856,-0.021731704,0.13738894,17558
0.10464856,-0.021731704,0.13738894,17573
0.10478297,-0.022120833,0.13873315,17591
0.10478297,-0.022120833,0.13873315,17607
0.10421803,-0.022707433,0.13910079,17625
0.10421803,-0.022707433,0.13910079,17641
0.10407351,-0.023403198,0.1406064,17658
0.10407351,-0.023403198,0.1406064,17675
0.10391725,-0.0234949,0.14109707,17693
0.10391725,-0.0234949,0.14109707,17709
0.10419608,-0.02319938,0.14320302,17737
0.10412136,-0.02327305,0.1435628,17755
0.10412136,-0.02327305,0.1435628,17771
0.104075626,-0.023382962,0.14355755,17788
0.104075626,-0.023382962,0.14355755,17806
0.10424232,-0.023135394,0.14392757,17822
0.10424232,-0.023135394,0.14392757,17839
0.104200065,-0.023308307,0.1438992,17855
0.104200065,-0.023308307,0.1438992,17871
0.10430042,-0.023608953,0.14369106,17888
0.10430042,-0.023608953,0.14369106,17906
0.10432394,-0.023604065,0.14294744,17922
0.10432394,-0.023604065,0.14294744,17939
0.10422757,-0.023298442,0.14183736,17955
0.10422757,-0.023298442,0.14183736,17972
0.103945106,-0.023875028,0.1403873,17988
0.103945106,-0.023875028,0.1403873,18006
0.103539824,-0.023685485,0.1394031,18022
0.103539824,-0.023685485,0.1394031,18041
0.102283955,-0.023385137,0.1372509,18058
0.102283955,-0.023385137,0.1372509,18073
0.10130266,-0.023053914,0.13586473,18090
0.10130266,-0.023053914,0.13586473,18107
0.09976759,-0.022848636,0.1341393,18124
0.09976759,-0.022848636,0.1341393,18141
0.09941455,-0.02268219,0.1336546,18160
0.09941455,-0.02268219,0.1336546,18175
0.099127844,-0.023064822,0.133214,18193
0.099127844,-0.023064822,0.133214,18209
0.098038405,-0.024271071,0.13166285,18226
0.098038405,-0.024271071,0.13166285,18242
0.098045826,-0.024428576,0.13154507,18260
0.098045826,-0.024428576,0.13154507,18278
0.09790832,-0.024460405,0.1312406,18294
0.09790832,-0.024460405,0.1312406,18310
0.097839184,-0.024364501,0.13065338,18327
0.097839184,-0.024364501,0.13065338,18344
0.09829389,-0.024336696,0.1305697,18361
0.09829389,-0.024336696,0.1305697,18377
0.099160574,-0.024479419,0.12890148,18396
0.099160574,-0.024479419,0.12890148,18412
0.09990298,-0.023446113,0.12700653,18429
0.09990298,-0.023446113,0.12700653,18446
0.10091654,-0.02301377,0.12442851,18463
0.10091654,-0.02301377,0.12442851,18480
0.10156682,-0.022850186,0.12291741,18496
0.10217605,-0.022597909,0.11964464,18515
0.10217605,-0.022597909,0.11964464,18530
0.10217605,-0.022597909,0.11964464,18547
0.103097215,-0.022238553,0.11767435,18564
0.103097215,-0.022238553,0.11767435,18581
0.10409781,-0.021809876,0.11802673,18598
0.10409781,-0.021809876,0.11802673,18616
0.104209214,-0.021664381,0.116803885,18632
0.104209214,-0.021664381,0.116803885,18649
0.104377076,-0.021636128,0.11635232,18666
0.10454889,-0.021543175,0.11596727,18682
0.10454889,-0.021543175,0.11596727,18700
0.10462039,-0.02203098,0.11553812,18718
0.10462039,-0.02203098,0.11553812,18736
0.10462039,-0.02203098,0.11553812,18752
0.10485625,-0.022382349,0.11487627,18768
0.104878284,-0.022374451,0.11491227,18786
0.104878284,-0.022374451,0.11491227,18803
0.104883134,-0.022374272,0.114899874,18819
0.104883134,-0.022374272,0.114899874,18837
0.10481259,-0.022427022,0.11486769,18853
0.10481259,-0.022427022,0.11486769,18869
0.104801714,-0.02244988,0.114849806,18887
0.104801714,-0.02244988,0.114849806,18902
0.10467327,-0.022458136,0.11481404,18919
0.10467327,-0.022458136,0.11481404,18936
0.10457367,-0.022453427,0.11487675,18954
0.10457367,-0.022453427,0.11487675,18969
0.10416742,-0.022414923,0.11434078,18985
0.10416742,-0.022414923,0.11434078,19002
0.10413917,-0.022432148,0.11440992,19020
0.10413917,-0.022432148,0.11440992,19037
0.10412443,-0.022400975,0.11447501,19053
0.10412443,-0.022400975,0.11447501,19071
0.10407767,-0.022342414,0.11455011,19087
0.10407767,-0.022342414,0.11455011,19104
0.10391372,-0.022654116,0.11451697,19122
0.10391372,-0.022654116,0.11451697,19139
0.103878886,-0.022631228,0.11450648,19158
0.103878886,-0.022631228,0.11450648,19173
0.10382348,-0.022640556,0.11457324,19190
0.10382348,-0.022640556,0.11457324,19206
0.10377309,-0.022837937,0.11467624,19223
0.10377309,-0.022837937,0.11467624,19240
0.10349481,-0.023015171,0.11445665,19257
0.10349481,-0.023015171,0.11445665,19272
0.10331958,-0.023307651,0.11425686,19288
0.10331958,-0.023307651,0.11425686,19304
0.1032588,-0.023336291,0.114253044,19322
0.1032588,-0.023336291,0.114253044,19339
0.10316428,-0.02327919,0.11424756,19357
0.10316428,-0.02327919,0.11424756,19373
0.10291065,-0.023284346,0.114240885,19390
0.10291065,-0.023284346,0.114240885,19406
0.10256323,-0.023402125,0.114057064,19424
0.10256323,-0.023402125,0.114057064,19440
0.102571964,-0.023377836,0.11437845,19458
0.102571964,-0.023377836,0.11437845,19474
0.10248037,-0.023324251,0.11446953,19492
0.10248037,-0.023324251,0.11446953,19509
0.1023712,-0.023348957,0.114454746,19525
0.1023712,-0.023348957,0.114454746,19542
0.10230812,-0.023503006,0.114557505,19561
0.10230812,-0.023503006,0.114557505,19577
0.10216431,-0.023595214,0.11453366,19594
0.10216431,-0.023595214,0.11453366,19610
0.10209535,-0.023810834,0.114840746,19628
0.10209535,-0.023810834,0.114840746,19645
0.10207534,-0.02384597,0.11488438,19663
0.10207534,-0.02384597,0.11488438,19679
0.10202029,-0.023864955,0.11493158,19696
0.10202029,-0.023864955,0.11493158,19711
0.10205872,-0.02378589,0.11545491,19728
0.10205872,-0.02378589,0.11545491,19746
0.10194134,-0.023864836,0.11521053,19763
0.10194134,-0.023864836,0.11521053,19779
0.1019365,-0.023977965,0.11539912,19797
0.1019365,-0.023977965,0.11539912,19813
0.101838514,-0.024206817,0.11561394,19830
0.101838514,-0.024206817,0.11561394,19847
0.10183839,-0.024332255,0.116018295,19864
0.10183839,-0.024332255,0.116018295,19881
0.10184708,-0.02444452,0.11613369,19898
0.10185678,-0.024381459,0.11622405,19915
0.10185678,-0.024381459,0.11622405,19934
0.101872146,-0.024454981,0.11651993,19952
0.101872146,-0.024454981,0.11651993,19968
0.10185227,-0.02498734,0.11668062,19985
0.10185227,-0.02498734,0.11668062,20002
0.101806335,-0.02496615,0.11666179,20018
0.101806335,-0.02496615,0.11666179,20035
0.10163434,-0.024974823,0.11692786,20053
0.10163434,-0.024974823,0.11692786,20069
0.10154619,-0.02507028,0.11714792,20085
0.10154619,-0.02507028,0.11714792,20103
0.101565525,-0.02475357,0.11811137,20121
0.101565525,-0.02475357,0.11811137,20138
0.10149047,-0.024716496,0.118109226,20153
0.10149047,-0.024716496,0.118109226,20170
0.101306885,-0.024638236,0.11845207,20187
0.101306885,-0.024638236,0.11845207,20205
0.1012492,-0.024741113,0.11853576,20221
0.1012492,-0.024741113,0.11853576,20239
0.10151054,-0.024019778,0.119334936,20255
0.10151054,-0.024019778,0.119334936,20272
0.10144642,-0.024100453,0.119498014,20290
0.10144642,-0.024100453,0.119498014,20308
0.101389244,-0.024148166,0.1195178,20324
0.101389244,-0.024148166,0.1195178,20340
0.10127285,-0.02406305,0.11967826,20358
0.10127285,-0.02406305,0.11967826,20375
0.1009409,-0.023706913,0.119915485,20402
0.1009409,-0.023706913,0.119915485,20418
0.100623176,-0.023633301,0.1200912,20434
0.10056673,-0.023539275,0.120087385,20451
0.10056673,-0.023539275,0.120087385,20466
0.10039533,-0.023356289,0.12022972,20485
0.10039533,-0.023356289,0.12022972,20500
0.10039533,-0.023356289,0.12022972,20518
0.100350045,-0.023297876,0.12031078,20533
0.100285254,-0.023261547,0.12029934,20550
0.100285254,-0.023261547,0.12029934,20567
0.100285254,-0.023261547,0.12029934,20585
0.09991577,-0.023115426,0.12027407,20601
0.09943364,-0.023113817,0.120046854,20619
0.09943364,-0.023113817,0.120046854,20636
0.099450484,-0.023103267,0.12012315,20654
0.099450484,-0.023103267,0.12012315,20670
0.0994641,-0.023254216,0.12023616,20686
0.0994641,-0.023254216,0.12023616,20704
0.099451646,-0.023229688,0.12030101,20720
0.099451646,-0.023229688,0.12030101,20738
0.09939007,-0.023186177,0.12029004,20754
0.09939007,-0.023186177,0.12029004,20771
0.09934345,-0.02317229,0.120358706,20787
0.09934345,-0.02317229,0.120358706,20805
0.099323794,-0.023133159,0.12034845,20824
0.099323794,-0.023133159,0.12034845,20839
0.099248864,-0.023083061,0.12042761,20855
0.099248864,-0.023083061,0.12042761,20873
0.09916359,-0.02309531,0.120500326,20888
0.09916359,-0.02309531,0.120500326,20904
0.09917127,-0.023142725,0.12055659,20921
0.09917127,-0.023142725,0.12055659,20938
0.09918003,-0.023148537,0.12059784,20954
0.09918003,-0.023148537,0.12059784,20972
0.09907159,-0.023045152,0.120676994,20991
0.09907159,-0.023045152,0.120676994,21006
0.09901232,-0.022954047,0.120646,21022
0.09901232,-0.022954047,0.120646,21039
0.09893629,-0.02293852,0.120703936,21057
0.09893629,-0.02293852,0.120703936,21073
0.098941885,-0.022966444,0.120743275,21091
0.098941885,-0.022966444,0.120743275,21107
0.09896574,-0.023171544,0.1208241,21123
0.09896574,-0.023171544,0.1208241,21143
0.09896237,-0.023189157,0.12085438,21159
0.09896237,-0.023189157,0.12085438,21175
0.098960035,-0.023308039,0.12081218,21193
0.098960035,-0.023308039,0.12081218,21209
0.09893284,-0.02333054,0.12078905,21226
0.09893284,-0.02333054,0.12078905,21243
0.09893616,-0.02334696,0.12077236,21263
0.09893616,-0.02334696,0.12077236,21276
0.099059634,-0.023613662,0.121055365,21295
0.099059634,-0.023613662,0.121055365,21310
0.09905434,-0.023707122,0.121239185,21326
0.09905434,-0.023707122,0.121239185,21343
0.09903397,-0.023691922,0.121257305,21360
0.09903397,-0.023691922,0.121257305,21376
0.09909019,-0.0238173,0.121435165,21394
0.09909019,-0.0238173,0.121435165,21410
0.09908643,-0.023545623,0.12147474,21428
0.09908643,-0.023545623,0.12147474,21444
0.09906692,-0.023447424,0.121496916,21460
0.09906692,-0.023447424,0.121496916,21478
0.0990611,-0.023373127,0.12163091,21495
0.0990611,-0.023373127,0.12163091,21510
0.09906221,-0.023371577,0.12173581,21527
0.09906221,-0.023371577,0.12173581,21544
0.099025525,-0.023316741,0.121744156,21560
0.099025525,-0.023316741,0.121744156,21577
0.09904392,-0.023317724,0.12184048,21595
0.09904392,-0.023317724,0.12184048,21611
0.099215195,-0.023487478,0.12199736,21628
0.099215195,-0.023487478,0.12199736,21645
0.099315286,-0.02310136,0.12241244,21664
0.099315286,-0.02310136,0.12241244,21681
0.09931582,-0.02314642,0.122398615,21696
0.09931582,-0.02314642,0.122398615,21712
0.09931866,-0.023152173,0.12239289,21730
0.09931866,-0.023152173,0.12239289,21746
0.099240035,-0.023160726,0.12246275,21764
0.099240035,-0.023160726,0.12246275,21779
0.09920567,-0.02319014,0.12269974,21795
0.09920567,-0.02319014,0.12269974,21811
0.09922098,-0.023294419,0.12275958,21830
0.09922098,-0.023294419,0.12275958,21845
0.09925362,-0.023391813,0.12258506,21863
0.09925362,-0.023391813,0.12258506,21879
0.09924915,-0.023130596,0.12268472,21896
0.09924915,-0.023130596,0.12268472,21913
0.09928312,-0.022834897,0.12218809,21930
0.09928312,-0.022834897,0.12218809,21947
0.09970204,-0.02263835,0.12171483,21964
0.099376425,-0.021987587,0.11899519,21982
0.099376425,-0.021987587,0.11899519,22000
0.099376425,-0.021987587,0.11899519,22017
0.09947906,-0.021703005,0.11743736,22032
0.09947906,-0.021703005,0.11743736,22049
0.09974758,-0.02105853,0.11564684,22065
0.100285515,-0.020828784,0.114447355,22082
0.100285515,-0.020828784,0.114447355,22099
0.100285515,-0.020828784,0.114447355,22116
0.10064867,-0.020269036,0.112329006,22132
0.10125895,-0.02043274,0.11145067,22150
0.10125895,-0.02043274,0.11145067,22168
0.10131624,-0.02042687,0.109824896,22185
0.10131624,-0.02042687,0.109824896,22200
0.10131624,-0.02042687,0.109824896,22216
0.101599395,-0.01994583,0.10966158,22233
0.10163785,-0.019915164,0.10910392,22251
0.10163785,-0.019915164,0.10910392,22268
0.10163785,-0.019915164,0.10910392,22284
0.101559535,-0.020010442,0.108644724,22299
0.101559535,-0.020010442,0.108644724,22317
0.1016909,-0.0201146,0.10825205,22335
0.101717964,-0.02031666,0.10790706,22353
0.101717964,-0.02031666,0.10790706,22368
0.101744786,-0.020337433,0.10785031,22385
0.101744786,-0.020337433,0.10785031,22401
0.10189074,-0.020204157,0.10723567,22418
0.10189074,-0.020204157,0.10723567,22436
0.10206227,-0.02026546,0.10630727,22452
0.10206227,-0.02026546,0.10630727,22469
0.1027039,-0.02007553,0.10496044,22488
0.1027039,-0.02007553,0.10496044,22504
0.10345806,-0.01981315,0.10338783,22520
0.10345806,-0.01981315,0.10338783,22538
0.103902176,-0.019651294,0.101788044,22554
0.103902176,-0.019651294,0.101788044,22572
0.10445961,-0.019155622,0.100584745,22589
0.10445961,-0.019155622,0.100584745,22606
0.10458015,-0.018854946,0.10017705,22624
0.10458015,-0.018854946,0.10017705,22641
0.10503884,-0.018288732,0.09997654,22658
0.10503884,-0.018288732,0.09997654,22674
0.105383635,-0.018104523,0.10002184,22691
0.105383635,-0.018104523,0.10002184,22707
0.105586655,-0.01803875,0.10044837,22725
0.105586655,-0.01803875,0.10044837,22741
0.105585836,-0.017936498,0.10115123,22760
0.105585836,-0.017936498,0.10115123,22775
0.10548742,-0.017935663,0.101379395,22795
0.10548742,-0.017935663,0.101379395,22810
0.10525428,-0.01819104,0.10166335,22827
0.10525428,-0.01819104,0.10166335,22844
0.10456057,-0.018071592,0.1015234,22860
0.10456057,-0.018071592,0.1015234,22877
0.1020445,-0.018104702,0.09850168,22894
0.1020445,-0.018104702,0.09850168,22911
0.09707259,-0.01908809,0.09107542,22947
0.09600831,-0.018490642,0.08876443,22969
0.09373238,-0.017627567,0.08447957,22983
0.09373238,-0.017627567,0.08447957,22999
0.09373238,-0.017627567,0.08447957,23015
0.09406561,-0.017530262,0.08697772,23032
0.09406561,-0.017530262,0.08697772,23049
0.08863915,-0.015337437,0.070896626,23064
0.08863915,-0.015337437,0.070896626,23081
0.08597841,-0.014435917,0.061529636,23097
0.08597841,-0.014435917,0.061529636,23116
0.08502262,-0.014739692,0.055199146,23135
0.08502262,-0.014739692,0.055199146,23149
0.0835628,-0.016153157,0.042515993,23166
0.08339808,-0.015921026,0.041064978,23183
0.08339808,-0.015921026,0.041064978,23200
0.082754634,-0.017421454,0.024769783,23218
0.082754634,-0.017421454,0.024769783,23235
0.082754634,-0.017421454,0.024769783,23252
0.08281008,-0.018012047,0.011386633,23269
0.08202175,-0.018747717,0.003087759,23286
0.08202175,-0.018747717,0.003087759,23303
0.082186654,-0.019793123,-0.0026984215,23321
0.082186654,-0.019793123,-0.0026984215,23336
0.08423896,-0.022662878,-0.020604372,23354
0.08423896,-0.022662878,-0.020604372,23370
0.08422952,-0.023938954,-0.021912813,23386
0.08422952,-0.023938954,-0.021912813,23404
0.087421015,-0.040385485,-0.056858778,23421
0.087421015,-0.040385485,-0.056858778,23438
0.08782145,-0.04288262,-0.06896877,23455
0.08782145,-0.04288262,-0.06896877,23472
0.0877953,-0.051175237,-0.086179495,23489
0.0877953,-0.051175237,-0.086179495,23505
0.087092154,-0.059974253,-0.10610604,23522
0.087092154,-0.059974253,-0.10610604,23540
0.087540336,-0.07099724,-0.12424755,23567
0.087540336,-0.07099724,-0.12424755,23584
0.08690759,-0.07561344,-0.13603878,23600
0.08690759,-0.07561344,-0.13603878,23619
0.08696599,-0.07518619,-0.14089966,23636
0.08745749,-0.075582474,-0.14415932,23652
0.08745749,-0.075582474,-0.14415932,23670
0.08745749,-0.075582474,-0.14415932,23686
0.08728694,-0.074806005,-0.14264727,23703
0.08727493,-0.073949814,-0.14097643,23719
0.08727493,-0.073949814,-0.14097643,23736
0.08730311,-0.074673,-0.14205623,23753
0.08730311,-0.074673,-0.14205623,23771
0.08732658,-0.07506755,-0.14244127,23787
0.08732658,-0.07506755,-0.14244127,23805
0.087244906,-0.0740096,-0.13923979,23822
0.087244906,-0.0740096,-0.13923979,23840
0.08721298,-0.07402122,-0.1393776,23856
0.08721298,-0.07402122,-0.1393776,23874
0.087149315,-0.07394585,-0.13930583,23891
0.087149315,-0.07394585,-0.13930583,23907
0.08670556,-0.0735718,-0.13915467,23925
0.08670556,-0.0735718,-0.13915467,23941
0.085901424,-0.07345852,-0.13872504,23960
0.085901424,-0.07345852,-0.13872504,23975
0.0844747,-0.07309663,-0.13785863,23993
0.0844747,-0.07309663,-0.13785863,24009
0.08348753,-0.07179767,-0.13519144,24026
0.08348753,-0.07179767,-0.13519144,24041
0.08010832,-0.072297245,-0.1348846,24058
0.08010832,-0.072297245,-0.1348846,24074
0.07579477,-0.07146835,-0.13404322,24091
0.07544694,-0.070185095,-0.13144064,24119
0.07544694,-0.070185095,-0.13144064,24135
0.07519988,-0.06723085,-0.12772107,24151
0.07519988,-0.06723085,-0.12772107,24167
0.07444067,-0.06568843,-0.12612343,24185
0.07444067,-0.06568843,-0.12612343,24201
0.07444067,-0.06568843,-0.12612343,24217
0.07306931,-0.06347978,-0.12568784,24234
0.07306931,-0.06347978,-0.12568784,24252
0.07176974,-0.06183186,-0.12558627,24269
0.07127674,-0.06088972,-0.12538552,24284
0.07127674,-0.06088972,-0.12538552,24300
0.07127674,-0.06088972,-0.12538552,24317
0.07092367,-0.06036696,-0.12513685,24332
0.07092367,-0.06036696,-0.12513685,24350
0.071053796,-0.060465157,-0.12444639,24365
0.071053796,-0.060465157,-0.12444639,24380
0.0713498,-0.060978144,-0.123761415,24396
0.0713498,-0.060978144,-0.123761415,24413
0.07193963,-0.061440527,-0.12189841,24430
0.07193963,-0.061440527,-0.12189841,24447
0.07243228,-0.06232372,-0.119921684,24464
0.07243228,-0.06232372,-0.119921684,24481
0.07358386,-0.06310564,-0.11664152,24498
0.07358386,-0.06310564,-0.11664152,24514
0.07186281,-0.06208083,-0.10130644,24531
0.07186281,-0.06208083,-0.10130644,24547
0.07237263,-0.061383843,-0.0915792,24565
0.07237263,-0.061383843,-0.0915792,24581
0.072970025,-0.060094118,-0.08616185,24596
0.072970025,-0.060094118,-0.08616185,24613
0.07483404,-0.05971518,-0.0879271,24631
0.07483404,-0.05971518,-0.0879271,24646
0.075721286,-0.05903253,-0.08857608,24663
0.075721286,-0.05903253,-0.08857608,24680
0.074960135,-0.050237536,-0.07408428,24696
0.074960135,-0.050237536,-0.07408428,24713
0.074881144,-0.046824813,-0.07007074,24730
0.074881144,-0.046824813,-0.07007074,24747
0.07489772,-0.04487273,-0.06742501,24764
0.07489772,-0.04487273,-0.06742501,24783
0.074765235,-0.044345945,-0.06722808,24799
0.074765235,-0.044345945,-0.06722808,24815
0.074759625,-0.044368923,-0.06723523,24832
0.074759625,-0.044368923,-0.06723523,24850
0.07439283,-0.044629127,-0.068620205,24866
0.07364767,-0.046435863,-0.07138419,24883
0.07364767,-0.046435863,-0.07138419,24900
0.07364767,-0.046435863,-0.07138419,24918
0.073363945,-0.048251122,-0.07380366,24934
0.07336243,-0.04874918,-0.07846975,24950
0.07336243,-0.04874918,-0.07846975,24966
0.07336243,-0.04874918,-0.07846975,24982
0.07323273,-0.049160004,-0.08163357,25001
