0.0003255068,0.00026945999999998803,-0.0005044935999999999,82.0
0.000248319,3.5600000000002295e-05,-0.00038623799999999985,99.0
0.000248319,3.5600000000002295e-05,-0.00038623799999999985,117.0
0.00029651519999999987,-1.0159999999981295e-05,-0.0006368874000000004,133.0
0.00013331179999999978,-0.00010499999999997733,-0.00040261740000000005,149.0
0.00019901999999999976,-0.00019307999999997882,-0.0006495238,166.0
0.00023509259999999997,0.0005073600000000233,-0.0008943558000000004,182.0
0.00023509259999999997,0.0005073600000000233,-0.0008943558000000004,199.0
0.00018689640000000006,0.000553120000000007,-0.0006437063999999999,217.0
0.00025449400000000024,0.0011244199999999704,-0.0009040831999999998,231.0
0.00020212540000000002,0.0017170999999999825,-0.0009371041999999997,249.0
8.093719999999992e-05,0.001075899999999974,-0.0005403041999999997,265.0
0.00011873839999999996,0.0011663999999999674,-0.0006184101999999996,283.0
0.00011873839999999996,0.0011663999999999674,-0.0006184101999999996,299.0
5.114079999999979e-05,0.000595100000000004,-0.00035803339999999976,317.0
4.1264200000000126e-05,7.193999999999257e-05,-0.00012073519999999949,335.0
-2.3067999999997616e-06,4.8599999999954235e-06,-0.00032093519999999985,352.0
-4.010799999999981e-05,-8.563999999999794e-05,-0.00024282919999999987,366.0
-7.46845999999999e-05,-0.00013315999999998773,-0.00031836060000000054,385.0
-7.46845999999999e-05,-0.00013315999999998773,-0.00031836060000000054,400.0
-7.814759999999997e-05,-0.00011459999999998693,-0.0002757314000000011,416.0
-8.330339999999999e-05,-0.00030584000000000167,-0.00027310860000000073,433.0
-8.330339999999999e-05,-0.00030584000000000167,-0.00027310860000000073,449.0
-0.0002413870000000002,-0.0016852599999999996,-0.0011367556000000001,466.0
0.00043413640000000003,-0.006723640000000008,-0.0025138611999999992,484.0
0.00043413640000000003,-0.006723640000000008,-0.0025138611999999992,499.0
-0.0023895204508,-0.010019679999999998,-0.015482878799999999,517.0
-0.0023895204508,-0.010019679999999998,-0.015482878799999999,533.0
-0.00278097384,-0.009811779999999982,-0.0162706374,551.0
-0.0034564972399999997,-0.004773399999999972,-0.014893531799999998,568.0
-0.0034564972399999997,-0.004773399999999972,-0.014893531799999998,584.0
-0.0032247423492,0.005062079999999991,-0.011793280000000003,600.0
-0.0032247423492,0.005062079999999991,-0.011793280000000003,617.0
0.00316154364,0.0074007399999999725,-0.008871531000000002,635.0
0.0035236000400000003,0.006992339999999997,-0.008827377,650.0
0.0035236000400000003,0.006992339999999997,-0.008827377,665.0
0.0061642288,0.0007112200000000346,0.0012389660000000024,682.0
0.0065161108,0.0007900800000000263,-0.0007326119999999991,699.0
0.0007139383999999995,-0.00032953999999998376,-0.0019274239999999998,717.0
0.0004592598,0.00038569999999999994,-0.0015851959999999999,735.0
0.00029574040000000004,0.0005720999999999865,-0.0016121380000000019,750.0
0.00029574040000000004,0.0005720999999999865,-0.0016121380000000019,766.0
-5.614159999999952e-05,0.0004932399999999948,0.00035943999999999977,784.0
-0.0007323741999999998,0.003002079999999996,0.0005083559999999987,799.0
-0.0008397520000000002,0.0026952399999999876,0.00012197399999999692,816.0
0.015454965799999998,0.005537079999999995,0.015913010000000002,832.0
0.0156875068,0.005303460000000015,0.014884328000000002,848.0
0.0156875068,0.005303460000000015,0.014884328000000002,867.0
0.0163637394,0.002794620000000014,0.014735412000000003,882.0
0.0173965874,0.004274120000000004,0.008734202000000002,898.0
0.001265389,0.0012458800000000104,-0.007029892000000001,916.0
0.005875528,0.004255539999999991,-0.014341998,933.0
0.0067849880000000005,0.014813520000000002,-0.023444438,949.0
0.0067849880000000005,0.014813520000000002,-0.023444438,964.0
0.005896408000000003,0.013593540000000015,-0.019716954,982.0
0.005896408000000003,0.013593540000000015,-0.019716954,998.0
-0.012323921399999998,-0.009129999999999994,-0.016997289999999998,1016.0
-0.013233381399999999,-0.019687980000000004,-0.007894849999999998,1031.0
-0.013233381399999999,-0.019687980000000004,-0.007894849999999998,1049.0
-0.010988058000000004,-0.017535500000000016,-0.008811688000000007,1065.0
-0.010988058000000004,-0.017535500000000016,-0.008811688000000007,1084.0
0.0072103734,0.0026037399999999876,-0.013371776000000002,1099.0
0.0072103734,0.0026037399999999876,-0.013371776000000002,1117.0
0.012939519399999998,0.0006635799999999747,-0.021673894000000006,1131.0
0.014976586,-0.0002879200000000193,-0.023723769999999998,1149.0
0.014976586,-0.0002879200000000193,-0.023723769999999998,1165.0
0.014474803999999999,0.0017189000000000121,-0.018492628,1183.0
0.014474803999999999,0.0017189000000000121,-0.018492628,1200.0
0.011219978000000002,0.003515680000000021,-0.012665176,1219.0
0.006793320000000003,0.002055180000000023,-0.007424735999999999,1233.0
0.006793320000000003,0.002055180000000023,-0.007424735999999999,1250.0
0.003665054000000001,-0.0002715800000000268,-0.0037827480000000024,1267.0
0.003665054000000001,-0.0002715800000000268,-0.0037827480000000024,1284.0
0.0016693579999999986,-0.0001740600000000203,-0.0017781500000000005,1301.0
0.001934621999999997,-0.0001423200000000069,-0.0020380019999999945,1319.0
0.001934621999999997,-0.0001423200000000069,-0.0020380019999999945,1334.0
0.0011080499999999993,0.000732759999999999,-0.0010499959999999975,1353.0
0.0011080499999999993,0.000732759999999999,-0.0010499959999999975,1370.0
0.0012079479999999975,0.0020236800000000164,-0.0007858040000000011,1386.0
0.0009426839999999992,0.0019919400000000032,-0.0005259520000000073,1403.0
0.0013006700000000038,0.0026965000000000127,-0.0005144120000000086,1420.0
0.0009365080000000026,0.0019496200000000297,-0.00019433600000000605,1447.0
0.0012938019999999995,0.002378999999999998,-0.00014235999999999692,1463.0
0.0007152800000000015,0.0011339399999999778,6.35160000000079e-05,1481.0
0.0010390640000000006,0.001405080000000014,0.00017936400000000406,1499.0
0.0006810779999999961,0.0007005200000000045,0.0001678240000000053,1515.0
0.0010483979999999949,0.0013640399999999887,0.00023792000000000257,1530.0
0.0006911039999999979,0.0009346600000000205,0.00018594399999999345,1546.0
0.0008227240000000024,0.0010652600000000234,0.00018379599999999164,1562.0
0.0004989400000000033,0.000794119999999987,6.794799999999545e-05,1579.0
0.0005495560000000011,0.0008621599999999674,4.866000000000037e-05,1594.0
0.00018223600000000229,0.00019863999999998329,-2.1435999999996903e-05,1610.0
0.0002535460000000045,0.0002668799999999916,-6.101199999999363e-05,1628.0
0.00012192599999999998,0.00013627999999998863,-5.886399999999181e-05,1642.0
0.0001557099999999978,0.00016769999999999285,-0.00010180399999999423,1658.0
0.00010509400000000002,9.966000000001251e-05,-8.251599999999914e-05,1674.0
0.0001233800000000007,0.00012872000000001548,-0.00010137399999999852,1691.0
5.2069999999998504e-05,6.048000000000719e-05,-6.17980000000018e-05,1707.0
5.130799999999991e-05,6.492000000002385e-05,-7.085800000000697e-05,1723.0
1.7524000000002094e-05,3.3500000000019625e-05,-2.791800000000455e-05,1739.0
2.319800000000205e-05,4.9920000000014396e-05,-7.538799999999846e-05,1758.0
4.91200000000136e-06,2.0860000000011425e-05,-5.652999999999908e-05,1774.0
3.5300000000015874e-06,3.7559999999992044e-05,-7.889400000000712e-05,1792.0
4.292000000000184e-06,3.311999999997539e-05,-6.983400000000195e-05,1808.0
7.569999999995636e-06,2.419999999996314e-05,-8.806999999999565e-05,1825.0
1.895999999995679e-06,7.779999999968368e-06,-4.0600000000001746e-05,1840.0
-5.960000000027055e-07,6.271999999998278e-05,-0.00014667600000000113,1857.0
7.859999999970668e-07,4.602000000000217e-05,-0.0001243119999999931,1874.0
-3.0696000000002276e-05,8.026000000000977e-05,-0.00020944999999999991,1890.0
-3.397399999999773e-05,8.918000000002202e-05,-0.00019121400000000622,1906.0
-6.332399999999793e-05,8.034000000001207e-05,-0.0002909200000000056,1924.0
-6.0831999999999556e-05,2.5399999999997646e-05,-0.00018484400000000621,1939.0
-7.217999999999946e-05,3.413999999999362e-05,-0.00023322000000000064,1956.0
-4.0698000000000124e-05,-1.000000000139778e-07,-0.00014808199999999383,1973.0
-4.8818000000000473e-05,-1.5220000000004674e-05,-0.00017166199999999466,1991.0
-1.946800000000026e-05,-6.379999999994723e-06,-7.195599999999524e-05,2005.0
-3.0743999999999216e-05,-6.437999999997501e-05,-7.395999999999514e-05,2022.0
-1.9395999999999304e-05,-7.311999999997099e-05,-2.5584000000000716e-05,2038.0
-3.484599999999949e-05,-6.049999999997446e-05,-6.654400000000171e-05,2055.0
-2.672599999999914e-05,-4.537999999998377e-05,-4.296400000000089e-05,2070.0
-4.718200000000117e-05,1.0200000000004649e-05,-0.00011684800000000273,2097.0
-3.5906000000002214e-05,6.819999999998493e-05,-0.00011484400000000283,2112.0
-8.472199999999819e-05,-5.294000000000132e-05,-0.000200940000000005,2128.0
-6.9271999999998e-05,-6.555999999999785e-05,-0.000159980000000004,2146.0
-7.953600000000227e-05,-9.103999999999779e-05,-0.00020308399999999783,2162.0
-5.908000000000024e-05,-0.0001466199999999862,-0.00012919999999999598,2177.0
-8.877599999999597e-05,-0.0002982799999999841,-0.0001510620000000018,2193.0
-3.996e-05,-0.00017713999999999786,-6.496599999999964e-05,2211.0
-5.488399999999949e-05,-0.0001859800000000078,-8.177600000000007e-05,2228.0
-4.461999999999522e-05,-0.00016050000000000786,-3.867200000000626e-05,2245.0
-8.796399999999593e-05,-0.00014068000000002633,-0.00010261599999999982,2263.0
-5.826800000000021e-05,1.0979999999971568e-05,-8.0753999999994e-05,2280.0
-7.912999999999948e-05,2.341999999999622e-05,-0.0001084339999999906,2296.0
-6.420599999999999e-05,3.226000000000617e-05,-9.162399999999016e-05,2312.0
-0.0001243480000000019,-0.00012460000000000804,-0.00020940399999999081,2330.0
-8.100400000000119e-05,-0.00014441999999998957,-0.00014545999999999727,2346.0
-7.811799999999924e-05,-0.00028273999999997026,-3.1111999999999806e-05,2362.0
-5.7255999999999975e-05,-0.0002951799999999949,-3.43200000000321e-06,2378.0
-7.764199999999999e-05,-0.000250140000000032,-3.6024000000001165e-05,2395.0
-1.7499999999998074e-05,-9.32800000000178e-05,8.175599999999949e-05,2412.0
-4.244999999999943e-05,-7.579999999998143e-05,3.900799999999594e-05,2430.0
-4.5336000000001377e-05,6.251999999999925e-05,-7.534000000000151e-05,2447.0
-5.685200000000168e-05,6.347999999998244e-05,-8.08719999999985e-05,2463.0
-3.6466000000001666e-05,1.8440000000019553e-05,-4.828000000000055e-05,2480.0
-3.8718000000004246e-05,1.6980000000010876e-05,-5.130800000000546e-05,2496.0
-1.376800000000289e-05,-5.000000000254801e-07,-8.5600000000019e-06,2512.0
-4.032800000000059e-05,5.385999999996116e-05,-5.536200000000324e-05,2527.0
-2.8812000000000283e-05,5.289999999997796e-05,-4.983000000000626e-05,2543.0
-4.0232000000001156e-05,7.649999999999046e-05,-8.125600000000733e-05,2560.0
-3.797999999999857e-05,7.795999999999914e-05,-7.822800000000241e-05,2577.0
-9.684600000000043e-05,0.00018514000000000586,-0.00018634800000000284,2594.0
-7.028600000000274e-05,0.0001307800000000192,-0.0001395460000000015,2610.0
-0.0001233939999999989,0.0002672600000000358,-0.00023701199999999202,2627.0
-0.00011197399999999802,0.0002436600000000233,-0.00020558599999999095,2643.0
-0.00013402799999999714,0.00025219999999999133,-0.00027999599999999346,2661.0
-7.51619999999953e-05,0.0001450199999999846,-0.00017187599999999304,2678.0
-7.806999999999675e-05,0.00010197999999999041,-0.00014283599999999065,2695.0
-2.4962000000000596e-05,-3.4500000000026175e-05,-4.537000000000013e-05,2711.0
-3.421400000000463e-05,-2.098000000003708e-05,-4.5728000000000434e-05,2729.0
-1.21600000000055e-05,-2.9520000000005098e-05,2.8682000000002095e-05,2745.0
-0.00011594400000000115,0.00011836000000000623,-8.614000000000122e-05,2762.0
-0.0001130359999999997,0.00016140000000000043,-0.00011518000000000361,2778.0
-0.00013172599999999868,0.0001715799999999934,-0.00014407800000000305,2795.0
-0.00012247399999999465,0.0001580600000000043,-0.00014372000000000272,2810.0
-0.00013013999999999525,0.00014514000000001026,-0.00014622200000000696,2828.0
-2.6355999999999603e-05,-2.740000000001075e-06,-3.140000000000365e-05,2843.0
-4.290200000000022e-05,-1.57600000000091e-05,-5.757800000000257e-05,2858.0
-2.421200000000123e-05,-2.5940000000002073e-05,-2.8680000000003147e-05,2874.0
-5.374000000000212e-05,-2.6859999999961914e-05,-5.54319999999997e-05,2891.0
-4.6074000000001504e-05,-1.3939999999967867e-05,-5.292999999999548e-05,2907.0
-0.00010917200000000182,9.014000000000522e-05,-0.00012226399999999417,2926.0
-9.262600000000121e-05,0.00010316000000001324,-9.608599999999523e-05,2941.0
-0.00011865000000000348,0.00015852000000000644,-0.00016496200000000184,2960.0
-8.91220000000026e-05,0.00015943999999996629,-0.00013821000000000528,2975.0
-9.840799999999983e-05,0.0001495199999999919,-0.00014057000000000652,2994.0
-3.530999999999951e-05,4.5440000000018796e-05,-7.123600000000785e-05,3010.0
-5.357200000000173e-05,6.346000000001517e-05,-8.489999999999887e-05,3026.0
-2.7547999999999462e-05,8.10000000002198e-06,-1.6023999999992266e-05,3041.0
-3.3543999999996466e-05,2.8700000000014826e-05,-2.7919999999992394e-05,3059.0
-2.4257999999999225e-05,3.861999999998922e-05,-2.5559999999991146e-05,3074.0
-3.098200000000162e-05,6.20000000000065e-05,-5.0711999999997206e-05,3093.0
-1.2719999999999399e-05,4.398000000001012e-05,-3.704800000000619e-05,3109.0
-2.3423999999999666e-05,2.2520000000003647e-05,-4.7634000000007506e-05,3127.0
-1.7428000000002663e-05,1.920000000010802e-06,-3.5738000000007375e-05,3145.0
-3.206800000000176e-05,-4.230000000000622e-05,-6.485000000000518e-05,3161.0
-2.5343999999999366e-05,-6.56800000000235e-05,-3.9697999999999124e-05,3174.0
-4.07579999999963e-05,-1.1080000000029955e-05,-8.74280000000005e-05,3193.0
-3.005399999999603e-05,1.0379999999976519e-05,-7.68419999999992e-05,3208.0
-7.688000000000139e-05,1.829999999998222e-05,-0.00016842000000000246,3227.0
-6.224000000000229e-05,6.251999999999925e-05,-0.00013930800000000465,3242.0
-8.42339999999997e-05,6.753999999999926e-05,-0.00018200800000000016,3259.0
-6.882000000000277e-05,1.2940000000005724e-05,-0.0001342779999999988,3276.0
-0.00012430000000000497,-2.1039999999983295e-05,-0.00032825599999999346,3294.0
-7.74739999999996e-05,-2.8959999999988996e-05,-0.00023667799999999017,3309.0
-0.00017672599999999928,-0.00010840000000000849,-0.00045077799999999614,3325.0
-0.00015473200000000188,-0.00011342000000000852,-0.00040807800000000063,3342.0
-0.00030407800000000206,-0.0006818800000000014,-0.0009545799999999937,3359.0
-0.0002485979999999999,-0.0006479000000000123,-0.0007606019999999991,3374.0
-0.00033061399999999573,-0.0011158800000000025,-0.0015322920000000017,3392.0
-0.00023136199999999608,-0.0010364399999999829,-0.0013181919999999958,3408.0
-0.00010129199999999727,-0.0012409599999999798,-0.0019313079999999983,3425.0
4.8054000000002925e-05,-0.000672499999999987,-0.0013848060000000051,3443.0
0.0005093820000000027,-0.0007047200000000142,-0.002248360000000005,3460.0
0.0005913979999999985,-0.00023674000000002416,-0.0014766700000000022,3476.0
0.0016190639999999978,-0.0005295199999999945,-0.0020046699999999975,3492.0
0.0014889939999999991,-0.0003249999999999975,-0.001391553999999995,3509.0
0.024119053999999994,-0.01654180000000003,-0.03065197999999999,3525.0
0.023657725999999997,-0.016509580000000003,-0.02978842599999999,3540.0
0.031026422000000005,-0.014799559999999979,-0.03337559600000001,3558.0
0.029998756000000005,-0.014506780000000007,-0.032847596000000014,3574.0
0.03857708,-0.01198564000000002,-0.03489911600000001,3594.0
0.01594702,0.004231160000000012,-0.005638690000000013,3611.0
0.020520020000000007,0.005202500000000043,-0.0040844880000000085,3626.0
0.013151323999999997,0.00349248000000002,-0.0004973179999999911,3641.0
0.018936131999999994,0.004018619999999995,0.0015692700000000004,3661.0
0.010357808000000001,0.0014974800000000065,0.003620789999999996,3675.0
0.01783232800000001,0.0035573400000000087,0.006026029999999993,3692.0
0.013259328000000004,0.002585999999999977,0.0044718279999999885,3709.0
0.018220548000000003,0.00396143999999996,0.006023687999999994,3727.0
0.012435740000000006,0.0034352999999999858,0.0039571000000000025,3742.0
0.016127559999999996,0.004303979999999985,0.006951400000000008,3759.0
0.00865303999999999,0.0022441199999999827,0.00454616000000001,3776.0
0.008520812,0.0011401199999999888,0.005622148000000005,3794.0
0.0035595920000000003,-0.00023531999999999443,0.004070288,3808.0
0.006174710000000005,0.000658800000000026,-0.00037006799999999006,3825.0
0.0024828900000000154,-0.00020987999999997343,-0.003364367999999995,3841.0
0.002265570000000006,-0.0010327999999999893,-0.006577630000000001,3860.0
0.0023977979999999953,7.120000000000459e-05,-0.007653617999999996,3877.0
0.00038408800000000465,-0.0017887599999999893,-0.005525994000000001,3893.0
-0.0022310300000000006,-0.00268288000000001,-0.001085638000000011,3908.0
0.0005110959999999887,-0.0018814600000000236,-0.0024244319999999985,3926.0
0.0007284159999999984,-0.0010585400000000078,0.0007888300000000071,3941.0
-0.00030808399999999737,-0.003495360000000014,0.0036792039999999915,3958.0
0.0017056259999999935,-0.0016354000000000201,0.0015515799999999969,3974.0
0.011162807999999979,-0.004720920000000017,0.007605194000000015,3992.0
0.00842068199999999,-0.005522340000000003,0.008943988000000003,4008.0
-0.004245786000000007,-0.015531719999999982,0.012104607999999994,4026.0
-0.0032092860000000113,-0.013094899999999975,0.00921423400000001,4040.0
0.007093882000000007,-0.01869335999999997,0.008114146,4057.0
-0.0023632999999999792,-0.015607839999999974,0.0020605319999999817,4073.0
-0.005531527999999985,-0.01776081999999999,0.0037690639999999886,4090.0
0.0071349400000000115,-0.00775144000000001,0.0006084439999999968,4107.0
0.03578363,-0.0030506799999999944,0.00902087199999999,4124.0
0.02548046199999998,0.0025477799999999995,0.010120960000000002,4139.0
0.037341711999999985,0.006946019999999997,0.010248760000000013,4159.0
0.04050993999999999,0.009099000000000013,0.008540228000000006,4173.0
0.042330911999999984,0.0028300400000000002,0.008696108000000003,4189.0
0.013682221999999999,-0.0018707200000000145,0.00028368000000000837,4207.0
0.01217935000000001,-0.005157459999999991,0.001329952000000012,4223.0
0.00031810000000001006,-0.00955569999999999,0.0012021520000000008,4239.0
0.001832659999999997,-0.009851480000000024,-0.0018680400000000042,4257.0
1.1687999999998588e-05,-0.0035825200000000113,-0.002023920000000001,4274.0
0.008346940000000002,0.0015043200000000034,-0.0016828800000000088,4290.0
0.00984981199999999,0.004791059999999981,-0.0027291520000000125,4307.0
0.009990379999999988,0.003973539999999965,-0.0056886200000000105,4324.0
0.00847582,0.004269319999999998,-0.002618428000000006,4340.0
0.020666212000000007,0.011018419999999996,-0.004103012000000006,4359.0
0.012330960000000002,0.005931579999999981,-0.004444051999999999,4374.0
0.017347908000000013,0.012103419999999998,-0.010992219999999997,4391.0
0.017207340000000015,0.012920940000000014,-0.008032751999999999,4406.0
0.01514995400000001,0.015044040000000036,-0.008048605999999991,4424.0
0.0029595620000000046,0.008294940000000039,-0.006564021999999991,4440.0
-0.0029993519999999886,0.0025055400000000283,-0.0026883879999999973,4458.0
-0.008016299999999999,-0.003666299999999989,0.0038597800000000015,4473.0
-0.008390520000000002,-0.004057779999999988,0.0052030600000000145,4491.0
-0.0063331339999999955,-0.006180880000000011,0.005218914000000008,4508.0
-0.011125301999999993,-0.011437960000000035,0.007835414000000008,4525.0
-0.005166387999999999,-0.005648560000000025,0.0039597800000000126,4539.0
0.014860419999999985,0.013937279999999986,0.010603694000000007,4556.0
0.015234639999999989,0.014328759999999986,0.009260413999999995,4572.0
0.005671570000000003,0.002666039999999992,0.02113181999999999,4588.0
0.010463738,0.007923120000000016,0.01851531999999999,4606.0
0.052232068,0.058357380000000035,0.003675911999999992,4621.0
0.03220526000000001,0.03877154000000003,-0.002968002000000003,4638.0
-0.017070419999999985,-0.026295479999999972,0.008871339999999995,4655.0
-0.007507350000000001,-0.014632759999999977,-0.0030000660000000013,4671.0
-0.00823907800000001,-0.014741360000000014,-0.0017995800000000007,4688.0
-0.05000740800000001,-0.06517562000000003,0.013039827999999998,4706.0
-0.10264377,-0.04208756,0.022280263999999994,4721.0
-0.05336809,0.022979459999999997,0.010440921999999997,4738.0
-0.06565478,0.01412087999999998,0.020144678000000006,4757.0
-0.064923052,0.014229480000000017,0.018944192000000006,4772.0
-0.121230788,0.004782860000000033,0.0124459,4788.0
-0.06859442600000001,-0.0183052,0.0032054640000000025,4805.0
-0.068981534,-0.021319120000000025,-0.0010003800000000008,4821.0
-0.056694844,-0.01246054000000001,-0.010704136000000008,4837.0
-0.031650654,0.01077180000000002,-0.013931011999999998,4854.0
0.024657082000000004,0.020218420000000004,-0.0074327199999999925,4871.0
0.025438261999999996,0.020220079999999994,-0.007609986000000002,4888.0
0.025825369999999997,0.023234000000000022,-0.003404141999999999,4907.0
0.026740504000000005,0.023643839999999992,-0.0035471199999999926,4922.0
0.0016963139999999987,0.0004114999999999647,-0.00032024400000000284,4939.0
0.0018784779999999946,0.0002105399999999591,-0.0004062900000000091,4955.0
0.0010972980000000022,0.00020887999999996687,-0.0002290239999999999,4971.0
0.0013462900000000056,0.00011440000000000339,2.9732000000004533e-05,4986.0
0.0004311559999999992,-0.00029543999999996905,0.00017270999999999815,5002.0
0.0019476159999999964,0.00688652000000003,0.0018241879999999933,5018.0
0.0017654520000000007,0.007087480000000035,0.0019102339999999996,5038.0
0.0012292260000000056,-0.0012189999999999922,0.002816486000000007,5053.0
0.0009802340000000021,-0.0011245200000000288,0.0025577300000000024,5069.0
0.005866609999999994,0.015785499999999963,0.002231194000000003,5084.0
0.004350149999999997,0.008603539999999965,0.0005797160000000079,5101.0
0.0037089119999999974,0.0030691399999999815,0.0024211399999999996,5119.0
0.004245137999999993,0.011375620000000008,0.001514887999999992,5136.0
0.0057802799999999935,0.0016152400000000178,0.0014395480000000016,5152.0
0.0017984540000000049,-0.015126299999999971,0.001700351999999994,5181.0
0.0017984540000000049,-0.015126299999999971,0.001700351999999994,5196.0
0.0024396920000000046,-0.009591899999999987,-0.00014107199999999765,5212.0
0.004797099999999999,-0.008955160000000007,-0.0005152439999999925,5229.0
0.003261957999999998,0.0008052199999999843,-0.0004399040000000021,5246.0
0.0035987699999999955,0.0009722599999999915,-0.0009595159999999936,5261.0
0.0035987699999999955,0.0009722599999999915,-0.0009595159999999936,5279.0
0.004771693999999993,0.0018708199999999842,-0.0019460680000000009,5295.0
0.002414285999999999,0.0012340800000000041,-0.001571896000000006,5313.0
0.003262724000000006,0.0019488400000000183,-0.0021208080000000074,5328.0
0.0020213620000000044,0.001613320000000007,-0.0015354640000000085,5345.0
0.002446199999999998,0.0020624000000000198,-0.0019139520000000076,5360.0
0.001273276000000001,0.001163840000000027,-0.0009274000000000004,5377.0
0.0017127400000000014,0.0016101799999999945,-0.0010401479999999964,5394.0
0.0008643019999999945,0.0008954199999999801,-0.0004912359999999949,5412.0
0.0010440580000000033,0.00107841999999998,-0.0005454760000000003,5428.0
0.0006192200000000092,0.0006293399999999672,-0.00016698800000000124,5445.0
0.0007093660000000001,0.0001960599999999868,-0.00018827999999999624,5461.0
0.0004180200000000078,-0.0010129800000000077,6.441999999999837e-05,5480.0
0.0004180200000000078,-0.0010129800000000077,6.441999999999837e-05,5495.0
0.00023826399999999915,-0.0011959800000000075,0.00011866000000000376,5510.0
-0.019874466,-0.027093979999999983,-0.010829807999999996,5528.0
-0.019964611999999993,-0.026660700000000002,-0.010808516,5543.0
6.51120000000005e-05,-0.0008588199999999713,0.0002829080000000039,5559.0
6.51120000000005e-05,-0.0008588199999999713,0.0002829080000000039,5576.0
-1.8418000000008927e-05,-0.001157499999999967,0.0002971880000000038,5592.0
0.020094311999999993,0.02474050000000001,0.011245656000000003,5608.0
0.020013987999999993,0.024576459999999977,0.011281799999999998,5625.0
-0.0001638540000000077,-0.00046272000000002755,5.042399999999336e-05,5642.0
-0.00012281000000000653,-0.0006489999999999885,0.00017254199999999775,5659.0
-3.9279999999997096e-05,-0.00035031999999999284,0.0001582619999999979,5677.0
-4.279999999989847e-06,-0.0003872400000000109,0.00019822199999999234,5693.0
7.604400000000844e-05,-0.00022319999999997897,0.00016207799999999882,5710.0
5.478800000000561e-05,-0.0002893799999999835,0.0002532020000000079,5727.0
1.3744000000004419e-05,-0.00010310000000002262,0.00013108400000000353,5743.0
9.89399999999918e-06,-0.00012158000000002111,0.00015020399999999824,5761.0
-2.5106000000008067e-05,-8.466000000000307e-05,0.00011024400000000378,5776.0
-3.8362000000002896e-05,-7.228000000001345e-05,0.00016818000000000665,5792.0
-1.7106000000000066e-05,-6.100000000008876e-06,7.705599999999758e-05,5808.0
2.179999999996074e-06,-0.0001157399999999864,0.00026505,5824.0
6.030000000001312e-06,-9.725999999998791e-05,0.0002459300000000053,5839.0
-8.723600000000164e-05,0.0010188400000000098,0.0006965639999999996,5858.0
-7.398000000000682e-05,0.0010064600000000202,0.0006386279999999967,5872.0
-0.0005384680000000031,0.0045960400000000234,0.0016561040000000026,5889.0
-0.0005577539999999992,0.004705680000000001,0.0014681100000000003,5905.0
-0.00031895399999999353,0.006241499999999967,0.0012638559999999966,5922.0
-0.00022568799999999055,0.005125399999999969,0.0008132220000000023,5938.0
-0.00021668799999999822,0.005198079999999994,0.0006742000000000026,5954.0
0.000247799999999998,0.0016084999999999906,-0.00034327600000000347,5971.0
-8.938200000000452e-05,0.0013635999999999982,-0.00046198400000000415,5988.0
-0.0003281820000000102,-0.0001722199999999674,-0.00025773000000000045,6005.0
-0.0006782759999999999,-0.0005092399999999664,-0.0003148559999999967,6022.0
-0.0006872759999999922,-0.0005819199999999913,-0.00017583399999999695,6039.0
-0.0016657819999999935,-0.0016509399999999896,0.00019900600000000157,6055.0
-0.001328599999999991,-0.0014060399999999973,0.00031771400000000225,6072.0
-0.0031820179999999974,-0.0016052200000000294,0.0015317939999999973,6089.0
-0.002831924000000008,-0.0012682000000000305,0.0015889199999999937,6106.0
-0.0038083560000000015,-0.0007598000000000216,0.0021454799999999995,6121.0
-0.0028298500000000005,0.0003092199999999767,0.001770640000000001,6139.0
-0.003180754000000008,0.0003486199999999773,0.001894403999999994,6155.0
-0.0013273360000000012,0.0005478000000000094,0.0006803239999999989,6173.0
-0.0018631699999999917,0.0003011800000000342,0.0008565640000000041,6189.0
-0.000886737999999998,-0.00020721999999997464,0.00030000399999999814,6207.0
-0.0009898540000000012,-0.0003078399999999704,0.00034089199999999266,6226.0
-0.0006389499999999937,-0.0003472399999999709,0.00021712799999999975,6240.0
-0.0018616439999999956,-0.0002855599999999736,0.00022781000000000607,6256.0
-0.001325810000000005,-3.893999999999842e-05,5.157000000000078e-05,6272.0
-0.00047054400000000606,-0.010823980000000021,-0.0025861739999999966,6290.0
-0.000367428000000003,-0.010723360000000026,-0.002627061999999991,6306.0
-0.0013377900000000054,-0.009153560000000028,-0.0018212519999999954,6323.0
-0.00011509600000000341,-0.009215240000000024,-0.0018319340000000016,6338.0
-0.0007837780000000017,-0.006490920000000022,0.00041017599999999544,6354.0
-0.0016390440000000005,0.004294120000000001,0.003047919999999993,6371.0
-0.0021061419999999996,0.005135980000000017,0.0037856579999999917,6390.0
-0.0011357799999999973,0.0035661800000000186,0.002979847999999996,6404.0
0.027295370000000006,-0.024182939999999986,0.0044161299999999955,6420.0
0.027964052000000007,-0.02690725999999999,0.0021740199999999987,6436.0
0.004463852000000002,0.00714068000000001,-0.0018856299999999936,6452.0
0.004930950000000001,0.006298819999999994,-0.0026233679999999927,6479.0
0.004322769999999998,0.004205060000000005,-0.0026447279999999964,6495.0
-0.024108380000000006,0.03195418000000001,-0.004081009999999996,6509.0
-0.02403961,0.031985200000000005,-0.004065633999999996,6526.0
-0.0005394099999999957,-0.002062739999999996,-5.98400000000332e-06,6541.0
-0.0005459659999999978,-0.00214048,-2.6700000000001723e-05,6561.0
6.221400000000488e-05,-4.6720000000011194e-05,-5.339999999998124e-06,6576.0
0.007135555999999999,-0.02296490000000002,-0.017115690000000006,6592.0
0.007066785999999992,-0.022995920000000013,-0.017131066000000007,6608.0
0.0011987799999999993,-0.02081472,-0.04177839600000001,6626.0
0.0012053360000000013,-0.020736979999999995,-0.041757680000000005,6642.0
0.0017882940000000015,-0.02330198000000001,-0.04806099200000001,6660.0
-0.005285047999999992,-0.0003838000000000008,-0.030950642000000007,6676.0
-0.01124367599999999,-0.0003107200000000088,-0.04269557,6691.0
-0.005375669999999999,-0.002491920000000025,-0.018048240000000004,6707.0
-0.009388064000000007,-0.00507850000000003,-0.016791129999999987,6726.0
-0.009971022000000006,-0.002513500000000013,-0.010487817999999982,6741.0
-0.006340218000000009,-0.00855459999999999,-0.0046159739999999784,6759.0
-0.00038159000000000944,-0.008627679999999981,0.007128954000000021,6773.0
-0.012110104,0.02655506000000001,0.029698920000000007,6790.0
-0.00809770999999999,0.029141640000000014,0.02844180999999999,6806.0
-0.015068113999999999,0.02926802000000004,0.029750180000000005,6823.0
-0.018698918,0.03530912000000001,0.023878336,6839.0
-0.020803713999999994,0.010639140000000014,0.024652785999999982,6858.0
-0.009075200000000005,-0.024543599999999978,0.0020828199999999965,6873.0
-0.015259136000000006,-0.024712679999999976,0.0044096000000000135,6892.0
-0.008288731999999998,-0.024839060000000003,0.003101229999999999,6906.0
-0.017066062,-0.023949560000000016,0.0016359299999999966,6923.0
-0.014961266,0.0007204199999999883,0.0008614800000000145,6939.0
-0.016873824,0.0011260599999999954,0.00177887000000001,6957.0
-0.010689887999999998,0.0012951399999999945,-0.000547910000000007,6972.0
-0.010858426,0.0003757999999999928,-0.0011295600000000184,6992.0
-0.002081095999999999,-0.0005136999999999948,0.0003357399999999844,7006.0
-0.00366243,-0.0007141400000000075,-0.0005882480000000134,7022.0
-0.0017498720000000024,-0.0011197800000000147,-0.0015056380000000092,7040.0
0.0024308920000000013,-0.024512059999999992,1.7642000000006598e-05,7056.0
0.0025994300000000024,-0.02359271999999999,0.000599292000000018,7072.0
0.0006597760000000008,-0.02245870000000001,0.00026538799999999976,7090.0
0.002241110000000002,-0.022258259999999995,0.0011893759999999976,7106.0
0.0013354279999999996,-0.021195280000000018,0.001049228000000002,7122.0
-0.002845336000000004,0.0021969999999999603,-0.0004740520000000137,7139.0
-0.004345668000000002,0.0026981799999999724,-0.0001734020000000003,7156.0
-0.0024060140000000006,0.0015641599999999922,0.00016050200000001792,7172.0
0.021341144,0.009448580000000017,0.012292052000000008,7190.0
0.022246826000000004,0.008385600000000038,0.012432200000000004,7206.0
-0.0014506579999999992,0.003052720000000031,0.005805119999999997,7225.0
4.967399999999955e-05,0.002551540000000019,0.0055044699999999835,7240.0
0.026521863999999996,0.009580240000000018,0.02185597599999999,7258.0
0.0027747059999999935,0.0016958199999999924,0.009724425999999998,7274.0
0.0024089819999999927,0.004001179999999982,0.009733219999999997,7292.0
0.026106465999999995,0.009334059999999988,0.016360300000000005,7306.0
0.025746334000000003,0.00916459999999999,0.01614892000000001,7324.0
-0.0007258559999999914,0.0021358999999999905,-0.00020258599999999348,7339.0
-0.0020108959999999955,0.002501719999999974,-0.0002097860000000007,7356.0
-0.0016451719999999947,0.00019635999999998433,-0.00021858000000000156,7372.0
-0.004664587999999992,-0.0020507400000000066,-0.001076147999999999,7390.0
-0.004304456000000001,-0.0018812800000000073,-0.0008647680000000047,7406.0
-0.009420168000000007,-0.0037485000000000213,0.00018408399999999547,7422.0
-0.008135128000000002,-0.004114320000000005,0.00019128400000000266,7438.0
-0.015155397999999997,-0.007100919999999978,-0.000713275999999996,7455.0
-0.012135982,-0.004853819999999986,0.00014429200000000143,7471.0
-0.021252608,-0.009952780000000017,-0.0046397200000000026,7487.0
-0.016136895999999994,-0.008085560000000002,-0.005688572000000003,7502.0
-0.022931135999999998,-0.004556839999999962,-0.002743578000000002,7519.0
-0.015910866000000003,-0.0015702399999999895,-0.0018390180000000035,7537.0
-0.015881026000000003,-0.005417819999999995,-0.003534318000000003,7552.0
-0.006764400000000004,-0.00031885999999996527,0.0012496940000000013,7569.0
-0.0073016180000000045,0.000594260000000002,0.0025894399999999984,7587.0
-0.0005073780000000028,-0.002934460000000039,-0.0003555540000000024,7602.0
0.00019053399999999777,-0.0037947400000000187,-0.0040320860000000016,7618.0
0.00016069400000000013,5.2839999999987344e-05,-0.0023367860000000017,7635.0
0.0006960860000000014,0.0020839199999999726,-0.0005642660000000022,7650.0
0.0012333040000000017,0.0011708000000000053,-0.0019040119999999994,7666.0
0.0005921840000000011,0.0028983800000000224,-0.002017831999999997,7684.0
-0.00010572799999999938,0.0037586600000000026,0.0016587000000000019,7701.0
-0.0017801179999999972,0.004730699999999999,-1.633399999999563e-05,7718.0
-0.0023155099999999985,0.0026996200000000137,-0.0017888539999999953,7734.0
-0.0024835219999999993,0.002997059999999996,-0.0025712239999999944,7751.0
-0.0018424019999999986,0.0012694799999999784,-0.0024574039999999964,7767.0
-0.0035433060000000017,-7.690000000000196e-05,-0.004154659999999999,7785.0
-0.0018689160000000039,-0.0010489399999999982,-0.0024796260000000013,7799.0
-0.0018689160000000039,-0.0010489399999999982,-0.0024796260000000013,7817.0
0.0025127279999999975,0.0013340800000000374,-0.005929755999999997,7831.0
0.0025127279999999975,0.0013340800000000374,-0.005929755999999997,7848.0
0.007095552000000005,0.005457439999999991,-0.007856748000000002,7864.0
0.007095552000000005,0.005457439999999991,-0.007856748000000002,7880.0
0.008210362000000004,0.0050076400000000024,-0.009653259999999997,7897.0
0.003996730000000004,0.0023271799999999843,-0.005420760000000002,7915.0
0.006210852,0.006195719999999971,-0.009182668000000005,7931.0
0.0033289319999999954,0.003418739999999998,-0.005558419999999997,7947.0
0.003225005999999997,0.0025872200000000233,-0.0051753319999999995,7963.0
0.0021101959999999973,0.0030370200000000127,-0.0033788200000000046,7982.0
0.0011919860000000003,0.006157239999999975,-0.0031795000000000018,7996.0
-0.0010221359999999958,0.002288699999999988,0.000582408000000001,8014.0
-0.0014887800000000007,0.0038960400000000116,0.0005472680000000007,8029.0
-0.001384854000000002,0.0047275599999999866,0.00016418000000000265,8046.0
-0.002100898000000001,0.008382239999999985,0.0006130720000000033,8062.0
-0.001182688000000004,0.005262020000000023,0.0004137520000000006,8080.0
-0.0012313720000000027,0.005837080000000006,0.00019044999999999755,8096.0
-0.0007647279999999978,0.004229739999999982,0.00022558999999999774,8112.0
-0.0014359599999999972,0.004352160000000005,0.0010216940000000064,8129.0
-0.0007199159999999982,0.0006974800000000059,0.0005728020000000056,8146.0
-0.0022475959999999962,0.0026444000000000133,0.002608158000000005,8163.0
-0.0021989119999999973,0.0020693400000000306,0.002831460000000008,8180.0
-0.011248587999999999,0.02369022000000003,0.008345294000000003,8197.0
-0.010577356,0.023567800000000007,0.007549189999999995,8213.0
-0.011900115999999999,0.02242592000000001,0.01028005999999999,8230.0
-0.012582050800000003,0.01998666,0.01193513799999999,8250.0
-0.012582050800000003,0.01998666,0.01193513799999999,8264.0
-0.0035323748000000016,-0.0016342199999999974,0.006421303999999994,8281.0
-0.005797661200000001,-0.002497360000000004,0.009126256,8298.0
-0.004474901200000001,-0.001355480000000009,0.006395386000000003,8315.0
-0.005332475200000001,-0.0024568000000000367,0.005796292000000003,8332.0
-0.005332475200000001,-0.0024568000000000367,0.005796292000000003,8348.0
-0.0104668552,-0.004399020000000009,0.010138296000000002,8365.0
-0.0082015688,-0.0035358800000000025,0.007433343999999997,8381.0
-0.0152136982,-0.004979500000000003,0.012049365999999995,8401.0
-0.019014442639999997,-0.006583599999999956,0.012768239999999997,8429.0
-0.019014442639999997,-0.006583599999999956,0.012768239999999997,8443.0
-0.0188569014,-0.005098579999999986,0.012105252,8459.0
-0.0188569014,-0.005098579999999986,0.012105252,8476.0
-0.0208082026,-0.003565280000000026,0.012687350000000009,8492.0
-0.013940269360000002,-0.00036752000000004335,0.008877136000000008,8511.0
-0.01773894436,0.00035943999999998866,0.012237264000000003,8527.0
-0.012762105599999999,0.0008166399999999907,0.008558248000000001,8544.0
-0.0201595726,0.0006514199999999804,0.013319992000000003,8561.0
-0.011196142000000001,0.0005617400000000217,0.008121871999999997,8577.0
-0.014682512,0.0016493599999999997,0.011046027999999996,8593.0
-0.010883837000000002,0.0009223999999999677,0.007685900000000001,8610.0
-0.015135369,0.0018083999999999989,0.011965016000000005,8627.0
-0.007737901999999996,0.0019736200000000093,0.007203272000000005,8643.0
-0.011660588,0.002329340000000002,0.011007356000000001,8658.0
-0.008174218,0.0012417200000000238,0.008083200000000002,8676.0
-0.01011707,0.0008629800000000021,0.010322737999999998,8691.0
-0.0058655380000000035,-2.3020000000029128e-05,0.006043621999999993,8709.0
-0.014694122000000004,0.0010324599999999684,0.012656471999999997,8724.0
-0.010771436,0.0006767399999999757,0.008852388,8741.0
-0.013502972000000002,0.0005762999999999963,0.010136271999999997,8757.0
-0.011560120000000002,0.0009550400000000181,0.007896733999999999,8775.0
-0.014488203999999994,0.00046954000000001275,0.010856248000000002,8791.0
-0.005659619999999993,-0.0005859399999999848,0.004243397999999998,8806.0
-0.009288608000000004,-0.001702699999999968,0.007993267999999998,8824.0
-0.006557072000000002,-0.0016022599999999886,0.006709384000000001,8839.0
-0.007222139999999993,-0.0022159199999999936,0.01153519,8859.0
-0.004294056000000002,-0.0017304199999999882,0.008575675999999999,8872.0
-0.005768670000000009,-0.001755199999999979,0.011211538000000002,8888.0
-0.0021396819999999982,-0.0006384399999999957,0.007461668000000002,8906.0
0.003704720000000006,0.0017158999999999924,0.0217919592,8923.0
0.004369787999999997,0.002329559999999997,0.0169661532,8939.0
0.0036235959999999954,0.0035333599999999967,0.0161011466,8956.0
0.005098210000000003,0.0035581399999999874,0.013465284599999999,8972.0
0.008745790000000003,-0.002865399999999996,0.021145748479999997,8993.0
0.002901387999999999,-0.005219739999999984,0.006815457279999999,9007.0
0.001921788000000002,-0.004623180000000016,0.0038351296,9024.0
0.002667980000000003,-0.005826980000000015,0.0047001362,9040.0
0.004143330000000001,-0.005448120000000012,0.0057196856,9057.0
0.0004957500000000003,0.0009754199999999713,-0.00196077828,9071.0
0.0005888579999999977,0.0004377799999999876,-0.0016716718800000002,9089.0
0.0015684579999999948,-0.00015877999999998061,0.0013086557999999998,9105.0
0.0014669919999999947,0.00045600000000001195,0.0009786843999999996,9121.0
-8.358000000002751e-06,7.714000000000887e-05,-4.086500000000035e-05,9138.0
0.0009384039999999983,0.002089160000000012,0.0006494521999999999,9157.0
0.0008452960000000009,0.002626799999999996,0.00036034580000000004,9172.0
0.0007577500000000015,0.005464599999999997,-0.0013262509999999999,9188.0
0.0008592160000000015,0.004849820000000005,-0.0009962795999999996,9205.0
0.0008527620000000014,0.0049952199999999895,-0.0011950732,9221.0
-9.399999999999964e-05,0.0029831999999999858,-0.0018853904000000002,9237.0
-0.0003703359999999989,0.0029400400000000105,-0.0021788119999999996,9253.0
-0.00028278999999999945,0.000102240000000009,-0.0004922151999999999,9271.0
-0.0002882319999999994,0.00014343999999999468,-0.0005045416000000004,9288.0
-0.0002817779999999992,-1.959999999989748e-06,-0.0003057480000000001,9305.0
0.0003669079999999991,0.001081120000000002,-0.00036325440000000017,9323.0
0.0006432439999999983,0.0011242799999999775,-6.98328000000005e-05,9339.0
0.0014585379999999982,0.001098739999999987,0.00023858559999999986,9356.0
0.001463979999999998,0.0010575400000000013,0.0002509120000000004,9371.0
0.0025699760000000016,0.0008395999999999848,0.0014100554,9388.0
0.0019212900000000032,-0.000243480000000007,0.0014675618,9405.0
0.0021601320000000034,-0.003320219999999985,0.0026257038000000003,9422.0
0.0013448380000000038,-0.0032946799999999943,0.0023172854,9438.0
0.0016499600000000002,-0.0012423800000000095,0.0024001836,9454.0
0.0005439639999999968,-0.0010244399999999932,0.0012410402000000002,9471.0
2.279000000000031e-05,-0.0010713199999999646,0.0011298418000000002,9490.0
-0.00021605199999999992,0.0020054200000000134,-2.8300200000000095e-05,9504.0
-0.0004112040000000039,0.0018870000000000165,0.00022666460000000005,9520.0
-0.0007163260000000004,-0.00016529999999996824,0.00014376640000000017,9536.0
-0.0007163260000000004,-0.00016529999999996824,0.00014376640000000017,9552.0
-0.0005613140000000017,-0.0003346000000000071,0.00041015140000000007,9570.0
-0.0014297700000000025,-0.00022284000000003524,0.00017726420000000012,9587.0
-0.0012346179999999985,-0.00010442000000003837,-7.770060000000002e-05,9604.0
-0.0020766199999999956,1.5599999999782455e-06,-9.036000000000113e-06,9620.0
-0.0020766199999999956,1.5599999999782455e-06,-9.036000000000113e-06,9638.0
-0.0020463359999999984,0.0001927199999999907,-0.00016961100000000007,9655.0
-0.001177879999999998,8.09600000000188e-05,6.327619999999985e-05,9671.0
-0.001568841999999998,-0.00019616000000000078,-0.00016756059999999996,9686.0
-0.0007268400000000008,-0.0003021400000000174,-0.00023622519999999986,9704.0
-0.0009387499999999993,-0.0005639599999999855,-0.0007760047999999999,9721.0
-0.0006028719999999988,-0.0005389399999999878,-0.0007706163999999998,9736.0
-0.0008235280000000011,-0.0005557800000000057,-0.0010841846,9754.0
-0.00043256600000000087,-0.00027865999999998614,-0.0008533478,9771.0
-0.0006825440000000016,-0.0005407199999999613,-0.0005913258000000001,9787.0
-0.0004706340000000031,-0.00027889999999999306,-5.1546200000000127e-05,9807.0
-0.0005614560000000047,-0.00029440000000002797,-0.0002540352000000003,9821.0
-0.0003408000000000022,-0.00027756000000001,5.953299999999981e-05,9838.0
-0.0004215880000000005,-0.00024373999999998118,-0.00019366739999999993,9852.0
-0.00017160999999999983,1.8319999999993895e-05,-0.00045568939999999987,9869.0
-0.00017160999999999983,1.8319999999993895e-05,-0.00045568939999999987,9884.0
-0.00014128800000000054,2.8200000000033755e-06,-0.00043227659999999987,9901.0
-0.00014128800000000054,2.8200000000033755e-06,-0.00043227659999999987,9917.0
-8.771599999999879e-05,-4.9780000000021475e-05,-0.00026926999999999995,9934.0
-0.00016501600000000117,-0.00015956000000003634,-0.0005009176000000005,9952.0
-0.00016501600000000117,-0.00015956000000003634,-0.0005009176000000005,9967.0
-0.00012060999999999878,-0.00010452000000000794,-0.0003649234000000001,9983.0
-0.00012060999999999878,-0.00010452000000000794,-0.0003649234000000001,9999.0
-9.33940000000022e-05,-8.574000000001192e-05,-0.00027472960000000035,10016.0
-0.00012004399999999693,-7.051999999996283e-05,-0.00017416459999999994,10032.0
-0.00012004399999999693,-7.051999999996283e-05,-0.00017416459999999994,10049.0
-0.00016444599999999588,-0.00017719999999998848,-0.00017628680000000008,10064.0
-0.00016444599999999588,-0.00017719999999998848,-0.00017628680000000008,10080.0
-0.000245476,-0.00018743999999997206,-0.00021204959999999995,10098.0
-0.00014152600000000293,-9.28800000000063e-05,-8.096699999999985e-05,10113.0
-0.00019563999999999693,-0.00013644000000003764,-4.250999999999977e-05,10130.0
-0.00013514399999999815,-5.380000000001495e-05,2.694200000000202e-06,10147.0
-0.00017168800000000317,-0.00010271999999997839,5.5599200000000516e-05,10163.0
-0.00012153400000000091,-0.00015979999999999884,0.0001965762000000003,10180.0
-0.00012153400000000091,-0.00015979999999999884,0.0001965762000000003,10197.0
-6.742000000000691e-05,-0.00011623999999996749,0.0001581192000000002,10212.0
-9.07120000000039e-05,-0.00012753999999999267,0.00023038380000000024,10230.0
-5.416799999999888e-05,-7.862000000002922e-05,0.00017747879999999993,10248.0
0.0001256000000000035,0.0001575799999999905,0.0003676413999999996,10264.0
0.0001256000000000035,0.0001575799999999905,0.0003676413999999996,10280.0
0.0008056760000000052,0.00010355999999998034,0.0010546206999999998,10298.0
0.0008289680000000022,0.00011486000000000551,0.0009823560999999998,10313.0
0.0015019859999999996,-1.525999999998362e-05,0.0017104149999999999,10330.0
0.0013530939999999991,-0.0001841399999999993,0.0014150382000000003,10346.0
0.0030386980000000007,-0.00042656000000000914,0.0035694837620000005,10363.0
0.0049750359999999995,0.0009272000000000169,0.0066700935,10382.0
0.0049750359999999995,0.0009272000000000169,0.0066700935,10396.0
0.004302018000000002,0.0010573200000000061,0.0059420346,10412.0
0.005318862000000002,0.000965119999999997,0.0081217288,10429.0
0.0036332580000000003,0.001207540000000007,0.005967283238,10445.0
0.0034017119999999955,0.00042922000000000793,0.0067688942,10463.0
0.0034017119999999955,0.00042922000000000793,0.0067688942,10478.0
0.0061088099999999975,0.0014233599999999846,0.0116369252,10496.0
0.005091965999999998,0.0015155599999999935,0.009457231,10514.0
0.0060055379999999995,0.000986280000000006,0.012471294999999999,10529.0
0.0036206700000000038,0.00046485999999998915,0.007882095,10548.0
0.005623216000000003,-0.00089368000000003,0.013262056999999999,10563.0
0.002916118000000001,-0.0018878200000000066,0.008394025999999999,10580.0
0.0034654640000000014,-0.0016138799999999786,0.009142303,10597.0
0.002551892,-0.0010845999999999911,0.006128238999999999,10613.0
0.004922714,-0.0014523399999999854,0.012494206000000002,10630.0
0.004984041999999999,-0.0008093399999999917,0.014150548000000002,10651.0
0.004984041999999999,-0.0008093399999999917,0.014150548000000002,10663.0
0.004434695999999999,-0.0010832800000000198,0.013402271000000002,10679.0
0.004469252000000002,-0.0009688000000000141,0.014930845000000002,10696.0
0.002098430000000001,-0.0006010600000000199,0.008564877999999998,10713.0
-0.0006631800000000021,-4.179999999998074e-05,0.004042625999999999,10729.0
-0.0006631800000000021,-4.179999999998074e-05,0.004042625999999999,10746.0
7.3202e-05,-0.0012201800000000151,0.007156706000000001,10762.0
3.864599999999774e-05,-0.001334660000000021,0.005628132000000003,10780.0
-0.0008174960000000009,-0.001181119999999991,0.008813404000000002,10797.0
-0.00011975999999999654,-0.0010248400000000047,0.006299352000000003,10811.0
-0.00034262800000000037,-0.000895899999999994,0.006367492000000002,10828.0
-0.0010790100000000024,0.0002824800000000405,0.003253412,10847.0
-0.0007096659999999977,0.0014818200000000115,0.004679559999999999,10863.0
0.00014647600000000093,0.0013282799999999816,0.0014942879999999992,10879.0
0.0009624959999999961,0.0016917199999999966,0.0034343479999999925,10896.0
0.001185364,0.0015627799999999858,0.003366207999999993,10914.0
0.0014628540000000024,0.0014789599999999847,0.003789471999999994,10930.0
0.0010935099999999976,0.0002796200000000137,0.0023633239999999943,10945.0
0.0010125359999999973,0.00019287999999999527,0.0023936039999999993,10962.0
0.00019651600000000213,-0.0001705600000000196,0.0004535440000000057,10979.0
0.001813706000000004,0.002323299999999984,0.003755022000000008,10996.0
0.0015362160000000013,0.002407119999999985,0.0033317580000000067,11013.0
0.0011439140000000015,-0.00042696000000002065,0.0031709680000000075,11030.0
0.0012248880000000017,-0.0003402200000000022,0.0031406880000000026,11046.0
0.0011508259999999993,0.0024116999999999945,0.001656318000000001,11065.0
-0.0004663640000000024,-8.216000000000889e-05,-0.001645160000000001,11080.0
-0.000535190000000002,-0.003312779999999993,-0.0012927299999999976,11096.0
-0.00014288800000000212,-0.00047869999999998746,-0.001131939999999998,11112.0
3.31579999999998e-05,-0.00016135999999997708,-0.0007827760000000073,11129.0
0.00010722000000000231,-0.002913279999999974,0.0007015939999999943,11145.0
0.0001518520000000023,-0.00309383999999997,0.0004224539999999943,11162.0
0.00022067800000000193,0.00013678000000001412,7.002399999999076e-05,11179.0
0.000452459999999999,0.0003104200000000112,0.00019519399999999852,11196.0
0.00027641399999999707,-6.919999999999149e-06,-0.00015396999999999216,11212.0
0.0006555680000000008,0.0002747599999999739,-0.00019638599999999284,11229.0
0.0006109360000000008,0.0004553199999999702,8.27540000000071e-05,11248.0
0.0006010999999999988,0.0004030799999999779,0.00028724600000000765,11262.0
0.00036931800000000183,0.00022943999999998078,0.00016207599999999988,11278.0
0.0004073400000000005,0.00046415999999998013,-0.00026099800000000116,11295.0
2.8185999999996714e-05,0.00018248000000000708,-0.0002185820000000005,11312.0
0.0002511439999999976,0.0003779800000000222,-0.00017364000000000824,11329.0
0.0002609799999999995,0.00043022000000001446,-0.00037813200000000877,11346.0
0.000338018000000001,0.0006112799999999918,-0.00028917800000000105,11362.0
0.0003260619999999992,0.0006250800000000111,0.0002897280000000002,11380.0
0.0003260619999999992,0.0006250800000000111,0.0002897280000000002,11396.0
0.00010310399999999831,0.0004295799999999961,0.00024478600000000795,11412.0
0.0016187779999999985,0.0001388599999999851,0.0014313940000000081,11433.0
0.001541739999999997,-4.2199999999992244e-05,0.0013424400000000003,11448.0
0.001789122000000004,-0.0005495999999999945,0.001375364000000001,11463.0
0.001789122000000004,-0.0005495999999999945,0.001375364000000001,11480.0
0.0018570000000000032,-0.0030773400000000174,-0.0001335160000000002,11497.0
0.0003413260000000029,-0.002786620000000006,-0.0013201240000000002,11513.0
0.0004476140000000017,-0.0024396400000000094,-0.0012269980000000013,11529.0
0.00017416599999999782,-0.002180760000000026,-0.0014157540000000024,11547.0
3.886799999999746e-05,-0.0018189200000000127,-0.0014147760000000065,11562.0
-2.9010000000001533e-05,0.00070882000000001,9.410399999999486e-05,11579.0
-0.00041455599999999925,-5.7479999999987544e-05,-0.0008006320000000011,11596.0
-0.0005208439999999981,-0.00040445999999998427,-0.000893758,11614.0
0.00016253999999999992,-0.0006630399999999703,-0.0005334359999999982,11629.0
0.00029783800000000025,-0.0010248799999999837,-0.0005344139999999941,11645.0
0.0004269240000000007,-0.0006920599999999943,-0.00030605799999999794,11662.0
0.0008124699999999985,7.424000000000319e-05,0.0005886779999999981,11679.0
0.0009884420000000004,8.918000000002202e-05,0.000685524000000004,11695.0
0.00030505800000000247,0.00034776000000000804,0.0003252020000000022,11712.0
0.0003985660000000002,0.0008227999999999902,0.0003704539999999978,11729.0
0.00026947999999999973,0.000489980000000001,0.0001420980000000016,11746.0
0.0018852779999999985,-0.0007052400000000069,0.0025048979999999998,11761.0
0.0017093059999999966,-0.0007201800000000258,0.002408051999999994,11779.0
0.0016539039999999977,-0.0006389400000000212,0.0024892099999999973,11796.0
0.001560396,-0.0011139800000000033,0.0024439580000000017,11811.0
0.0014605160000000007,-0.0011683800000000133,0.002941083999999994,11827.0
-0.00015528199999999826,2.6839999999994647e-05,0.0005782839999999955,11844.0
-2.05579999999983e-05,6.213999999999942e-05,0.0005718719999999955,11860.0
3.484400000000054e-05,-1.9100000000005225e-05,0.0004907139999999921,11878.0
-0.002302076,-0.0003476399999999824,-0.003985382000000004,11894.0
-0.002202196000000001,-0.0002932399999999724,-0.004482507999999996,11911.0
-0.0022063739999999997,0.0008793999999999969,-0.004566788,11928.0
-0.002341098,0.0008440999999999921,-0.004560376,11947.0
-0.002574306000000001,0.00042522000000002615,-0.0048303600000000006,11961.0
-0.00023738600000000054,0.0007537600000000033,-0.00035426400000000414,11979.0
-0.00022004800000000047,0.0012845399999999786,-0.00023953999999999366,11995.0
-0.00021587000000000133,0.00011190000000000921,-0.0001552599999999904,12012.0
-0.0003496940000000004,0.00020288000000001638,-0.0005028739999999976,12029.0
-0.00011648599999999898,0.0006217599999999823,-0.00023288999999999672,12046.0
-7.085199999999903e-05,0.000974499999999967,-0.00016903999999999807,12062.0
-8.81899999999991e-05,0.0004437199999999919,-0.00028376400000000855,12079.0
-7.037400000000083e-05,0.0017246399999999884,-0.0003910999999999998,12096.0
6.344999999999824e-05,0.0016336599999999812,-4.3485999999992583e-05,12116.0
-1.3834000000001457e-05,0.0012042200000000225,-0.0007946699999999973,12130.0
-5.946800000000141e-05,0.0008514800000000378,-0.000858519999999996,12146.0
0.0002509759999999972,2.1200000000032303e-05,-0.0008761899999999989,12163.0
0.0002331599999999989,-0.0012597199999999642,-0.0007688540000000077,12179.0
0.0006272060000000023,-0.00211155999999999,-0.0003462080000000034,12197.0
0.0007044900000000021,-0.0016821200000000313,0.00040497600000000133,12212.0
0.0045669912,-0.0044631600000000216,0.0030678239999999968,12229.0
0.004256547200000002,-0.0036328800000000163,0.003085494,12246.0
0.0042121480000000015,-0.0036845600000000368,0.0032334100000000034,12262.0
0.003818101999999998,-0.002832720000000011,0.002810763999999999,12280.0
0.0043911459999999986,-0.0025603799999999845,0.0036417000000000034,12297.0
0.0005286447999999999,0.00022066000000000585,0.000978852000000008,12315.0
0.0012862328000000007,0.00047928000000001524,0.001382066000000004,12330.0
0.001330632000000001,0.0005309600000000358,0.0012341500000000005,12349.0
0.0014435110000000002,0.0007638800000000056,0.0020088439999999983,12364.0
0.0008704669999999998,0.0004915399999999792,0.0011779079999999942,12380.0
0.0014102400000000014,0.0005559599999999775,0.0021490099999999955,12396.0
0.0006526520000000007,0.0002973399999999682,0.0017457959999999995,12413.0
0.001440084,0.0009404999999999663,0.002505970000000002,12431.0
0.0013272050000000008,0.0007075799999999965,0.0017312760000000038,12446.0
0.001614117000000001,0.0006221400000000265,0.0024389499999999953,12462.0
0.0010743439999999992,0.0005577200000000282,0.0014678479999999938,12478.0
0.0015086899999999987,0.0011428600000000344,0.001653479999999996,12495.0
0.0007212579999999996,0.0004997000000000363,0.0008933059999999937,12512.0
0.0010976550000000001,-9.391999999999178e-05,0.003284312,12528.0
0.0008107429999999998,-8.480000000021803e-06,0.0025766380000000087,12545.0
0.0014945459999999994,0.0005571799999999794,0.0028300260000000076,12562.0
0.0010602,-2.796000000002685e-05,0.0026443940000000056,12581.0
0.0016739360000000009,0.00027411999999999993,0.003474759999999999,12596.0
0.0012975390000000003,0.000867740000000028,0.0010837539999999923,12612.0
0.000985586999999999,0.001663199999999998,0.0030513279999999977,12630.0
0.0003017839999999994,0.001097539999999997,0.0027979399999999988,12648.0
0.0006699199999999989,0.000962340000000017,0.0026667600000000015,12663.0
5.618399999999801e-05,0.0006602599999999903,0.001836394000000008,12679.0
0.00014428599999999903,0.0006333799999999723,0.0019353880000000045,12696.0
0.00045623800000000047,-0.00016207999999999777,-3.218600000000071e-05,12713.0
0.0008854980000000013,-0.00010171999999997183,4.3247999999995734e-05,12730.0
0.0005173620000000018,3.3480000000007946e-05,0.00017442799999999313,12748.0
0.0011016300000000006,-0.00028938000000002797,0.00014543999999999668,12761.0
0.0010135279999999997,-0.00026250000000000996,4.644599999999999e-05,12778.0
0.0011173660000000003,-0.00013093999999997942,0.00014462600000000325,12796.0
0.0006881059999999994,-0.00019130000000000535,6.91920000000068e-05,12812.0
0.0008065879999999998,-0.0001152000000000264,-0.00010146799999999345,12828.0
0.00022232000000000084,0.00020766000000000951,-7.247999999999699e-05,12844.0
0.00047283800000000044,0.00034156000000002963,-0.0002510600000000029,12861.0
0.00036899999999999986,0.0002099999999999991,-0.0003492400000000062,12880.0
0.0005282399999999993,7.237999999998301e-05,-0.00047488400000000874,12896.0
0.00040975799999999895,-3.7199999999959486e-06,-0.0003042240000000085,12912.0
0.0007786929999999998,-0.00022625999999998926,-0.0008400000000000074,12928.0
0.0005281750000000002,-0.00036016000000000937,-0.0006614200000000014,12945.0
0.0007607219999999998,-0.0002999799999999997,-0.0011508439999999953,12961.0
0.0006014820000000004,-0.00016235999999998364,-0.0010251999999999928,12979.0
0.0007735380000000013,-0.00023695999999997496,-0.0013291359999999975,12995.0
0.0004046030000000006,-1.441999999998167e-05,-0.0007933599999999985,13014.0
0.0005853710000000012,8.067999999998854e-05,-0.001437853999999994,13029.0
0.0003528240000000016,2.049999999997887e-05,-0.0009484300000000001,13046.0
0.00032105500000000065,2.9399999999846215e-06,-0.0008901600000000065,13061.0
0.00014899899999999965,7.753999999997596e-05,-0.0005862240000000018,13078.0
0.000253473999999998,0.00018169999999999574,-0.0006811139999999937,13095.0
7.270599999999739e-05,8.660000000002555e-05,-3.661999999999832e-05,13112.0
0.00017813399999999923,5.437999999999832e-05,6.19999999995624e-07,13129.0
0.00020990300000000016,7.193999999999257e-05,-5.764999999999798e-05,13148.0
0.0003289401999999997,5.280000000018603e-06,9.970400000000045e-05,13164.0
0.00022446520000000137,-9.88800000000012e-05,0.00019459399999999238,13179.0
0.00024623280000000134,-0.0003934400000000338,0.0004568099999999964,13196.0
0.0001408047999999995,-0.00036122000000000655,0.00041957000000000246,13212.0
0.00017093479999999995,-0.00045487999999997973,0.0004691140000000038,13229.0
5.189760000000043e-05,-0.0003882200000000058,0.0003117600000000054,13244.0
6.24180000000002e-05,-0.00042813999999999906,0.0003269200000000083,13261.0
4.0650400000000196e-05,-0.0001335799999999665,6.470400000000432e-05,13281.0
-4.789279999999896e-05,-0.0006235599999999675,0.0004621039999999965,13296.0
-7.80227999999994e-05,-0.0005298999999999943,0.00041255999999999514,13312.0
-0.0014008168000000016,-0.0006061400000000105,0.002434347999999997,13329.0
-0.0014113372000000013,-0.0005662200000000172,0.0024191879999999944,13344.0
-0.0010172132,-0.000991880000000034,0.0028816719999999905,13361.0
-0.0009286700000000009,-0.0005019000000000329,0.0024842719999999983,13379.0
-0.0008232000000000017,-0.00047178000000003273,0.0025891760000000042,13395.0
0.0004995940000000004,-0.0003955400000000164,0.000567388000000002,13414.0
0.0006345820000000002,-0.0009518200000000032,0.001257324000000004,13429.0
0.00024045799999999895,-0.0005261599999999867,0.0007948400000000078,13445.0
0.0004212980000000005,-0.0005287999999999737,0.0010994920000000018,13462.0
0.00031582800000000134,-0.0005589199999999738,0.0009945879999999963,13480.0
0.0002667320000000001,-0.0005470799999999886,0.0011746880000000014,13496.0
0.00013174400000000032,9.1999999999981e-06,0.00048475199999999943,13512.0
0.00037678400000000224,9.407999999999639e-05,0.00026221399999999396,13530.0
0.00019594400000000068,9.671999999998349e-05,-4.24380000000002e-05,13548.0
-0.0003844979999999998,-0.0011960399999999983,0.0023000720000000085,13564.0
-0.00033540199999999853,-0.0012078799999999835,0.0021199720000000034,13579.0
0.0003584740000000003,-0.00023892000000000913,0.0011205200000000027,13596.0
0.00011343399999999837,-0.00032380000000000744,0.001343058000000008,13613.0
0.0002106547999999986,-0.000631859999999973,0.0019686680000000067,13629.0
0.000791096799999999,0.0006609000000000087,-0.000373842000000002,13646.0
0.0011546559999999983,0.0012509000000000103,-0.0010460360000000058,13665.0
0.0004607799999999995,0.00028194000000003605,-4.658400000000507e-05,13680.0
0.0007681720000000003,0.0003713400000000089,-0.00036435000000000216,13695.0
0.0006709512000000001,0.0006793999999999744,-0.0009899600000000009,13711.0
0.0007168711999999994,0.0006451399999999996,-0.0004417879999999985,13728.0
0.00035331200000000005,5.513999999999797e-05,0.0002304060000000052,13744.0
0.0003956252000000021,-0.000318200000000024,0.0009683600000000014,13761.0
8.823320000000135e-05,-0.00040759999999999684,0.0012861259999999985,13777.0
0.000670076,0.0002810000000000201,0.0007423859999999948,13793.0
0.0006241560000000007,0.000315259999999995,0.00019421399999999255,13812.0
0.0006448088000000019,0.00029871999999997456,6.093999999999822e-05,13826.0
0.0006024955999999998,0.0006720599999999966,-0.000677013999999998,13842.0
0.0005579647999999993,0.0004460400000000142,-0.0009382740000000056,13859.0
-2.38779999999994e-05,-0.00024256000000000277,-0.00039453400000000194,13876.0
4.6962000000000395e-05,-0.00024239999999999817,-0.00047096999999999276,13893.0
2.6309199999999257e-05,-0.00022585999999997776,-0.00033769599999999844,13910.0
-6.921280000000141e-05,-0.0004246199999999867,0.0004982460000000022,13926.0
-2.468200000000087e-05,-0.00019860000000000434,0.0007595060000000098,13943.0
-2.7673999999999756e-05,-0.00019038000000000111,0.0007459639999999989,13959.0
-9.851399999999955e-05,-0.0001905400000000057,0.0008223999999999898,13975.0
2.789999999999737e-06,-0.00020763999999999782,0.0005795939999999944,13993.0
9.83120000000004e-05,-8.879999999988897e-06,-0.0002563480000000062,14009.0
7.38920000000004e-05,-0.00010666000000001397,-0.00043630600000000853,14027.0
7.688399999999929e-05,-0.0001148800000000172,-0.0004227639999999977,14043.0
7.812999999999848e-05,-0.00022792000000002589,-0.0009398459999999997,14060.0
-2.3174000000000805e-05,-0.00021082000000003376,-0.0006970400000000043,14076.0
-0.00012100399999999956,-0.0001860600000000101,-0.0006294719999999976,14092.0
-9.658399999999956e-05,-8.827999999998504e-05,-0.0004495139999999953,14108.0
-5.34960000000001e-05,-8.90999999999753e-05,-0.0006521219999999994,14126.0
-5.4741999999999294e-05,2.3940000000033378e-05,-0.00013503999999999738,14142.0
-9.599999999942988e-08,0.00015994000000003618,-0.0003194339999999962,14159.0
9.773399999999932e-05,0.0001351800000000125,-0.00038700200000000293,14177.0
4.594400000000054e-05,0.0005652599999999896,-0.0002707000000000015,14192.0
2.85600000000108e-06,0.0005660799999999799,-6.809199999999738e-05,14209.0
-8.779000000000425e-06,0.0006243800000000022,-9.632399999999208e-05,14226.0
-6.342500000000028e-05,0.0004883799999999994,8.807000000000675e-05,14242.0
-6.907600000000125e-05,0.0005377799999999767,-0.0002719400000000038,14260.0
-1.7286000000002467e-05,0.00010769999999999946,-0.0003882420000000053,14276.0
3.09999999999977e-05,0.00017376000000002279,-0.0005356800000000051,14294.0
4.26349999999992e-05,0.00011546000000000056,-0.0005074480000000104,14310.0
8.236699999999986e-05,9.934000000000331e-05,-0.0006131140000000035,14327.0
8.801800000000082e-05,4.9940000000026075e-05,-0.0002531039999999929,14344.0
0.00020461120000000166,2.9520000000005098e-05,-0.0004440779999999922,14360.0
0.0001563252000000015,-3.654000000001823e-05,-0.00029663999999999244,14375.0
0.00023500340000000148,5.755999999998984e-05,-0.0004474639999999974,14393.0
0.00019527140000000082,7.367999999998708e-05,-0.00034179800000000427,14409.0
0.00023045600000000112,-3.1300000000022973e-05,-0.0003583920000000074,14425.0
0.00011386280000000026,-1.0880000000002e-05,-0.00016741800000000807,14442.0
0.0002960207999999992,-8.335999999999899e-05,-7.338599999999751e-05,14459.0
0.0002173425999999992,-0.00017746000000000705,7.743800000000744e-05,14475.0
6.293059999999962e-05,-0.00020009999999999196,-0.000157975999999993,14493.0
2.7745999999999327e-05,-9.511999999998189e-05,-0.0001413819999999899,14510.0
0.000168103,-0.00032073999999999715,-0.00014209399999999263,14526.0
-1.405499999999893e-05,-0.00024826000000000015,-0.00023612600000000317,14542.0
0.0002775308000000004,-0.0005732800000000093,0.00013680600000000044,14560.0
0.0004319428,-0.0005506400000000244,0.0003722200000000009,14575.0
0.00038796660000000037,-0.00010072000000000969,0.0003786079999999914,14592.0
0.0002476095999999997,0.00012490000000000556,0.0003793199999999941,14609.0
0.00026144379999999966,5.221999999998062e-05,0.0002994040000000031,14626.0
-3.014199999999967e-05,0.0003772399999999898,-7.352800000000048e-05,14642.0
-2.0944800000000098e-05,0.00035183999999999216,-0.00012641200000000906,14658.0
2.3031399999999537e-05,-9.808000000002259e-05,-0.0001327999999999996,14678.0
2.3287399999999404e-05,-9.822000000001552e-05,-0.00013875999999999334,14692.0
9.45319999999944e-06,-2.553999999999057e-05,-5.884400000000234e-05,14709.0
-0.00019187920000000025,-0.00023921999999996225,0.0006201259999999986,14726.0
-0.00020107639999999982,-0.00021381999999996458,0.0006730100000000072,14742.0
-0.00023245199999999966,-0.0002394199999999902,0.0004977720000000074,14759.0
-0.00023270799999999952,-0.00023927999999999726,0.0005037320000000012,14777.0
-8.668899999999952e-05,-0.0002468399999999704,0.0006144060000000007,14793.0
0.00011464340000000017,-3.315999999999875e-05,-6.456400000000029e-05,14810.0
0.0001292050000000003,0.00015030000000000322,-0.00019073400000000352,14827.0
0.00016058060000000013,0.0001759000000000288,-1.549600000000373e-05,14844.0
0.00019394120000000014,0.00016714000000002117,-3.676400000000024e-05,14859.0
4.7922200000000136e-05,0.0001746999999999943,-0.00014743799999999974,14876.0
7.087600000000027e-05,0.00018855999999995988,-0.0001434319999999989,14893.0
5.631440000000015e-05,5.099999999957916e-06,-1.726199999999567e-05,14909.0
8.749339999999939e-05,-0.00011385999999999897,3.57139999999978e-05,14926.0
5.413279999999937e-05,-0.0001050999999999913,5.698199999999431e-05,14942.0
8.218879999999929e-05,-0.00014959999999999418,5.817200000000078e-05,14960.0
5.923499999999915e-05,-0.00016345999999995976,5.4165999999999935e-05,14976.0
-0.00020928379999999997,-1.5799999999988044e-05,-8.382800000000801e-05,14994.0
-0.0002404627999999992,0.00010315999999996884,-0.0001368040000000015,15009.0
-0.00021800999999999903,8.801999999996646e-05,-9.975399999999635e-05,15026.0
-0.00024606599999999894,0.00013251999999996933,-0.0001009440000000028,15044.0
-0.0002007899999999993,0.00021915999999997383,-8.878400000000841e-05,15059.0
6.772879999999981e-05,7.150000000000212e-05,4.920999999999953e-05,15076.0
0.0002290368000000001,-0.00011149999999999771,0.00019826800000000144,15092.0
0.00020658399999999995,-9.635999999999534e-05,0.00016121799999999631,15109.0
0.00026164679999999966,-7.310000000000371e-05,0.0003003599999999995,15126.0
0.00021637080000000002,-0.0001597400000000082,0.0002882000000000051,15145.0
-2.3353200000000852e-05,-0.0001865399999999795,3.67160000000033e-05,15159.0
-0.00018466120000000112,-3.5399999999796704e-06,-0.00011234199999999861,15176.0
-0.0001670959999999999,-7.874000000001047e-05,-6.937999999999667e-05,15193.0
-0.00022215879999999965,-0.00010200000000000209,-0.00020852199999999988,15209.0
-0.00017222179999999975,-7.495999999997948e-05,-0.00020642400000000504,15227.0
6.750220000000112e-05,-4.81600000000082e-05,4.5059999999996767e-05,15242.0
7.843380000000094e-05,-8.927999999999158e-05,-2.2316e-05,15260.0
6.086859999999972e-05,-1.407999999996079e-05,-6.527800000000195e-05,15276.0
0.0002151133999999999,-2.917999999998422e-05,-3.4800000000001496e-06,15294.0
0.0001651764,-5.622000000000682e-05,-5.577999999994976e-06,15309.0
0.00019253499999999924,-2.164000000002275e-05,-7.271599999999489e-05,15325.0
0.00018160339999999942,1.947999999996064e-05,-5.339999999998124e-06,15342.0
0.0001912353999999991,-4.55200000000211e-05,-0.00013470599999999556,15359.0
3.699059999999893e-05,-3.0419999999997672e-05,-0.00019650399999999736,15375.0
2.736459999999885e-05,-4.186000000001577e-05,-0.00018706400000000344,15393.0
5.999999999617422e-09,-7.643999999999984e-05,-0.00011992600000000353,15408.0
1.5210999999999697e-05,-5.267999999998274e-05,-0.00010786200000000301,15426.0
5.579e-06,1.2319999999998998e-05,2.1503999999994416e-05,15443.0
-4.559999999999287e-06,8.292000000000854e-05,0.00013618399999999476,15460.0
5.066000000000792e-06,9.436000000002664e-05,0.00012674400000000085,15476.0
2.932600000001007e-06,8.715999999999723e-05,0.0001293180000000005,15494.0
-1.2272399999999073e-05,6.339999999998014e-05,0.00011725399999999997,15510.0
1.4555600000000501e-05,6.026000000001197e-05,0.00014777200000000158,15527.0
2.469459999999979e-05,-1.0339999999997573e-05,3.3092000000001234e-05,15544.0
-2.0259200000000143e-05,1.188000000000855e-05,-3.2425999999996515e-05,15561.0
-1.8125800000000358e-05,1.9080000000037954e-05,-3.499999999999615e-05,15580.0
3.221019999999908e-05,7.234000000000407e-05,-2.4221999999995968e-05,15596.0
5.382199999999504e-06,7.547999999997223e-05,-5.473999999999757e-05,15611.0
8.339879999999938e-05,7.335999999997788e-05,-4.496600000000184e-05,15627.0
0.00012835259999999932,5.1139999999971765e-05,2.0551999999995906e-05,15644.0
0.00010820619999999947,0.0001689399999999619,-1.068000000000735e-05,15663.0
5.787020000000004e-05,0.00011567999999999579,-2.1458000000007525e-05,15680.0
4.344579999999987e-05,0.00011936000000001279,-6.551799999999774e-05,15697.0
-3.457080000000001e-05,0.00012148000000000714,-7.529199999999348e-05,15716.0
-3.437999999999913e-05,0.0003011000000000319,-0.00010285399999999667,15730.0
-1.423359999999929e-05,0.00018330000000004175,-7.162199999999341e-05,15749.0
1.247500000000068e-05,1.9500000000016727e-05,-0.00014963199999999953,15765.0
5.9235400000000324e-05,-0.00019748000000001652,-6.470800000000221e-05,15782.0
5.9235400000000324e-05,-0.00019748000000001652,-6.470800000000221e-05,15797.0
5.9044599999999445e-05,-0.0003771000000000413,-3.714599999999901e-05,15814.0
8.611659999999965e-05,-0.000390780000000035,-4.5538000000000525e-05,15829.0
5.9407999999999686e-05,-0.00022698000000000995,3.247200000000561e-05,15847.0
0.00010746699999999998,0.00011114000000000956,0.00014133600000000303,15863.0
0.00010746699999999998,0.00011114000000000956,0.00014133600000000303,15878.0
0.00011266439999999961,0.00015186000000002586,0.0001480599999999943,15894.0
8.559239999999941e-05,0.00016554000000001956,0.0001564519999999958,15911.0
3.970280000000076e-05,0.00011220000000000674,0.00025162800000000374,15928.0
-4.0692199999999014e-05,-1.2619999999996523e-05,0.00010189999999999921,15945.0
-2.129099999999967e-05,2.705999999998987e-05,0.00013017599999999297,15962.0
-2.64883999999993e-05,-1.3660000000026429e-05,0.00012345200000000168,15979.0
-0.00020615439999999984,0.0003287599999999724,-0.00013265599999999765,15995.0
-0.00016026480000000122,0.0003820999999999852,-0.00022783200000000558,16012.0
-0.00017464160000000005,0.00017338000000002295,0.00014061999999999132,16029.0
-0.00019404279999999942,0.00013370000000003656,0.00011234399999999755,16046.0
-0.00014936319999999949,0.0002171000000000145,-0.00019106799999999425,16064.0
3.0302800000001075e-05,-0.00012531999999998433,6.50400000000051e-05,16079.0
4.4554000000000814e-05,-0.00011158000000000001,5.435599999999985e-05,16096.0
5.893079999999967e-05,9.713999999996225e-05,-0.00031409599999999706,16114.0
0.00011827359999999898,2.2379999999966314e-05,-0.00019693599999999202,16129.0
7.359399999999905e-05,-6.102000000001162e-05,0.0001064759999999998,16145.0
3.6251599999999326e-05,-3.767999999997329e-05,0.00011052999999999757,16161.0
2.2000399999999587e-05,-5.1419999999957613e-05,0.00012121400000000281,16178.0
-0.00012558660000000081,-0.00010747999999995982,-4.863400000000295e-05,16196.0
-0.00018492940000000013,-3.271999999996389e-05,-0.000165794000000008,16211.0
-0.00011125219999999908,-0.0001334199999999619,-0.0001851539999999985,16230.0
-7.390979999999936e-05,-0.00015676000000000023,-0.00018920799999999627,16245.0
-0.00011280780000000045,-0.0001680600000000254,-7.777399999999712e-05,16260.0
3.477919999999995e-05,-0.00011200000000002319,9.207400000000865e-05,16278.0
0.00010377760000000041,-0.00020800000000003037,-0.0001384259999999915,16294.0
3.010039999999936e-05,-0.00010730000000003237,-0.000119066000000001,16310.0
4.4655799999999966e-05,-0.00010730000000003237,-0.00010209200000000917,16327.0
8.355380000000106e-05,-9.600000000000719e-05,-0.0002135260000000083,16343.0
7.995940000000007e-05,-5.555999999997674e-05,-0.00018997000000000596,16362.0
1.096099999999961e-05,4.044000000003045e-05,4.052999999999418e-05,16380.0
1.975300000000013e-05,2.9860000000025976e-05,5.469200000000063e-05,16395.0
5.197599999999525e-06,2.9860000000025976e-05,3.77180000000088e-05,16410.0
-2.8550000000002183e-06,2.2980000000005774e-05,1.3114000000002956e-05,16426.0
7.394000000007783e-07,-1.7460000000024678e-05,-1.0441999999999396e-05,16443.0
5.978600000000611e-06,-8.540000000012427e-06,0.00011372600000000287,16459.0
-2.8133999999999102e-06,2.039999999992048e-06,9.956399999999643e-05,16477.0
-2.319800000000066e-05,-2.284000000001285e-05,8.883599999999214e-05,16494.0
-1.5145400000000919e-05,-1.5959999999992647e-05,0.00011343999999999799,16510.0
4.7480999999999216e-05,-6.035999999998154e-05,0.00013227199999999996,16528.0
4.224179999999938e-05,-6.92799999999938e-05,8.103999999997668e-06,16544.0
9.909879999999982e-05,-7.410000000001027e-05,-6.724000000002395e-06,16563.0
0.00011948340000000058,-4.922000000000537e-05,4.004000000001895e-06,16578.0
0.00011293280000000127,-3.481999999999097e-05,1.3112000000004009e-05,16595.0
5.030640000000114e-05,9.579999999997923e-06,-5.719999999997949e-06,16611.0
-6.844999999999906e-05,8.816000000000379e-05,6.985999999999936e-05,16627.0
-0.0001253069999999995,9.298000000002027e-05,8.468799999999943e-05,16643.0
-0.00013051639999999977,5.074000000000467e-05,9.298399999999596e-05,16661.0
-0.00012396580000000046,3.633999999999027e-05,8.387599999999384e-05,16676.0
-6.574980000000064e-05,-7.538000000000267e-05,9.665599999999496e-05,16693.0
5.300659999999957e-05,-0.00015396000000000853,2.107599999999765e-05,16710.0
7.18596000000002e-05,-0.00018544000000000337,0.0003025999999999973,16727.0
7.706900000000044e-05,-0.0001431999999999878,0.00029430400000000077,16744.0
-4.8458599999999516e-05,-2.1700000000013375e-05,-4.453599999999502e-05,16761.0
-0.00010667459999999934,9.001999999997956e-05,-5.731599999999615e-05,16779.0
-0.00011257540000000066,0.00010947999999997294,-6.79959999999924e-05,16795.0
-0.00013142840000000128,0.00014095999999996778,-0.00034951999999999206,16811.0
-6.665600000000105e-05,0.00016308000000000433,-0.0002414699999999992,16828.0
5.8871599999998916e-05,4.158000000002993e-05,9.736999999999662e-05,16845.0
7.10011999999996e-05,3.922000000002868e-05,4.496600000000184e-05,16862.0
7.690200000000091e-05,1.9760000000035305e-05,5.5645999999998085e-05,16879.0
0.0002601324000000002,0.0001764800000000122,0.0005360599999999938,16897.0
0.00019535999999999997,0.00015435999999997564,0.0004280100000000009,16912.0
0.00017088640000000044,0.0001746999999999943,0.00045532999999999826,16928.0
0.00015875679999999975,0.00017705999999999554,0.000507733999999993,16945.0
0.00017057639999999984,0.0002023799999999909,0.0005745879999999981,16961.0
-1.2653999999999444e-05,4.566000000001402e-05,9.417400000000242e-05,16978.0
3.803400000000068e-05,6.732000000000404e-05,5.741000000000218e-05,16997.0
6.250760000000022e-05,4.6979999999985364e-05,3.0090000000004836e-05,17012.0
0.00013445619999999936,-0.00012316000000001104,7.93480000000013e-05,17028.0
0.00012263659999999925,-0.00014848000000000638,1.249399999999623e-05,17045.0
0.00016128400000000042,-9.822000000001552e-05,0.00024199400000000094,17061.0
0.00011059600000000031,-0.00011988000000000554,0.0002787580000000012,17077.0
0.00012367959999999984,-2.461999999998632e-05,0.00020208400000000238,17094.0
5.1731000000000694e-05,0.00014552000000001009,0.0001528260000000059,17110.0
7.647880000000024e-05,1.549999999999052e-05,0.0007950780000000046,17127.0
3.783139999999907e-05,-3.4760000000000345e-05,0.000565578,17142.0
2.0665200000000163e-05,3.5579999999990616e-05,0.0006349579999999966,17159.0
7.581600000000632e-06,-5.96800000000286e-05,0.0007116319999999954,17176.0
2.020600000000039e-05,6.867999999999874e-05,0.0008515819999999952,17194.0
-4.541799999999152e-06,0.0001987000000000183,0.00020932999999999645,17211.0
9.92476000000006e-05,-0.00017114000000000295,0.0003033639999999949,17226.0
0.00011641379999999951,-0.00024147999999999393,0.0002339839999999982,17244.0
0.0001273691999999993,-0.0002453399999999828,0.0002338880000000043,17261.0
0.00011474479999999954,-0.0003737000000000101,9.393800000000452e-05,17279.0
0.0002264976000000002,-0.0005628800000000211,0.00021624399999999877,17295.0
0.00012270820000000044,-0.00019303999999999987,0.00012221000000000036,17312.0
0.00016327500000000021,-0.00021553999999999185,3.02780000000058e-05,17329.0
0.00015231960000000044,-0.000211680000000003,3.037399999999968e-05,17345.0
0.00019044279999999998,-0.00016150000000001442,0.00017228200000000138,17362.0
7.868999999999932e-05,2.7679999999996598e-05,4.9976000000007126e-05,17378.0
6.015279999999901e-05,7.866000000000817e-05,0.0002497200000000088,17397.0
1.9585999999999216e-05,0.00010116000000000014,0.0003416520000000034,17414.0
-3.505940000000096e-05,1.9999999999997796e-05,0.0001846319999999957,17428.0
-7.318260000000048e-05,-3.017999999999077e-05,4.272399999999399e-05,17445.0
-0.00010620320000000045,1.12000000000112e-05,-6.771199999999755e-05,17462.0
-8.766600000000013e-05,-3.978000000000037e-05,-0.00026745599999999925,17479.0
-0.00016465799999999947,-5.7360000000006295e-05,-0.0008741360000000031,17496.0
-0.0001100125999999993,2.3799999999996045e-05,-0.0007171159999999954,17512.0
-0.00025159119999999954,0.000301499999999999,-0.0010183339999999986,17528.0
-0.00021857059999999957,0.00026011999999999704,-0.000907898000000007,17545.0
-0.000194591999999999,0.00024472000000002047,-0.0010437040000000008,17563.0
-0.00011759999999999965,0.0002623000000000264,-0.00043702399999999696,17579.0
-0.0005364236000000008,0.0009004200000000129,-0.0015131000000000005,17598.0
-0.0003948450000000006,0.00062272000000001,-0.0012118819999999975,17613.0
-0.0003470063999999995,0.00040732000000001103,-0.0010778419999999955,17629.0
-0.00037098500000000005,0.00042271999999998755,-0.0009420360000000017,17645.0
-0.0008343812000000006,0.0007564399999999694,-0.0015937300000000044,17663.0
-0.00041555759999999944,0.00011831999999998289,-0.0005176540000000007,17680.0
-0.0002477109999999991,-0.0002048600000000178,-0.0004068359999999993,17696.0
-0.0002955496000000002,1.053999999998112e-05,-0.0005408760000000012,17712.0
-8.274900000000002e-05,-0.00017545999999999396,-0.0003889079999999989,17729.0
0.0003806472000000005,-0.0005091799999999757,0.00026278600000000373,17746.0
0.0003932298000000001,-0.0005284599999999973,0.00027937999999999574,17762.0
0.00024855139999999944,-0.0002886799999999745,0.0005249019999999938,17781.0
0.00024855139999999944,-0.0002886799999999745,0.0005249019999999938,17796.0
3.575079999999925e-05,-0.00010267999999999944,0.00037293399999999144,17811.0
3.588199999999958e-05,-8.398000000000571e-05,0.0003704539999999978,17828.0
2.3299400000000026e-05,-6.469999999998421e-05,0.00035386000000000586,17844.0
-3.0386400000000092e-05,-3.358000000002193e-05,-6.9619999999992466e-06,17860.0
-3.0386400000000092e-05,-3.358000000002193e-05,-6.9619999999992466e-06,17878.0
-0.00035673979999999996,0.00018857999999997155,-0.00038175599999999975,17894.0
-0.00035687100000000025,0.00016987999999997782,-0.0003792760000000062,17911.0
-0.00026832799999999964,5.1299999999976365e-05,-0.00043735599999999986,17928.0
-0.0002378103999999992,0.00010357999999999201,-0.00043287399999999423,17944.0
-0.00020175580000000027,-7.265999999996886e-05,-0.000435067999999994,17962.0
0.00012459759999999958,-0.0002948199999999623,-6.02739999999935e-05,17978.0
0.0001921416000000009,-0.00040487999999996307,-1.645399999999908e-05,17995.0
0.00010359860000000027,-0.0002862999999999616,4.162599999999461e-05,18012.0
0.00013087999999999989,-0.0002939799999999604,3.876600000000119e-05,18029.0
9.482540000000095e-05,-0.0001177399999999995,4.0960000000001e-05,18046.0
9.163020000000077e-05,-0.00014682000000001416,0.0005689639999999941,18063.0
2.4086199999999448e-05,-3.676000000001345e-05,0.0005251439999999996,18079.0
6.58869999999992e-05,-5.83200000000339e-05,0.0006312880000000076,18096.0
3.8605599999999575e-05,-5.0640000000035104e-05,0.000634148000000001,18112.0
3.502339999999909e-05,3.0999999999892223e-06,0.0006121659999999918,18129.0
4.183660000000034e-05,2.8939999999977317e-05,8.702200000000326e-05,18148.0
4.183660000000034e-05,2.8939999999977317e-05,8.702200000000326e-05,18164.0
3.580000000058536e-08,5.049999999999777e-05,-1.9122000000004748e-05,18181.0
-0.00027845499999999966,0.00037346000000000324,8.897799999999512e-05,18197.0
-0.0002748727999999992,0.0003197199999999789,0.00011096000000000439,18215.0
-0.0004033984000000004,0.0002411000000000385,-0.00016551000000000204,18231.0
-0.0004033984000000004,0.0002411000000000385,-0.00016551000000000204,18249.0
-0.0002510074000000001,0.0001202400000000381,-0.0001811499999999966,18263.0
2.7483400000000158e-05,-0.00020271999999996738,-0.00028924999999999643,18280.0
7.306339999999939e-05,-0.00036177999999997823,-0.00012507600000000174,18295.0
0.00019797099999999956,-0.0002799200000000113,0.00014853400000000016,18314.0
0.00029080499999999956,-0.0002699600000000135,0.0001233099999999987,18328.0
0.0001384139999999992,-0.0001491000000000131,0.00013894999999999324,18343.0
0.00014997159999999982,-5.038000000001652e-05,0.00011615799999999953,18360.0
0.00010439160000000058,0.00010867999999999433,-4.801599999999517e-05,18377.0
0.00013495680000000094,9.006000000000292e-05,-6.093799999999927e-05,18393.0
4.212280000000096e-05,8.010000000000517e-05,-3.57139999999978e-05,18410.0
0.00038812800000000006,-0.00016481999999999885,8.492400000000843e-05,18427.0
0.0003765703999999995,-0.00026353999999999543,0.00010771600000000214,18444.0
0.00036689639999999967,-0.0002764400000000222,0.00013308599999999337,18460.0
0.00033633119999999935,-0.0002578200000000308,0.00014600799999999747,18479.0
0.00037171839999999986,-0.0002784399999999909,0.0002235879999999968,18493.0
2.5713200000000715e-05,-3.351999999998689e-05,0.00010294999999999055,18509.0
8.73444000000001e-05,-8.579999999991373e-06,0.0002465739999999994,18526.0
9.701839999999989e-05,4.320000000035407e-06,0.00022120400000000818,18542.0
0.00010925519999999966,5.462000000000522e-05,3.342400000000412e-05,18560.0
7.386799999999915e-05,7.523999999996534e-05,-4.41559999999952e-05,18576.0
8.412599999999965e-05,0.00010023999999999588,-1.9693999999992327e-05,18593.0
2.2494800000000258e-05,7.530000000000037e-05,-0.0001633180000000012,18609.0
7.624620000000054e-05,9.421999999998931e-05,-8.874000000000937e-05,18625.0
6.400940000000078e-05,4.39200000000195e-05,9.903999999999469e-05,18643.0
5.268480000000103e-05,5.682000000000187e-05,0.00011358399999999991,18659.0
4.242680000000054e-05,3.181999999997131e-05,8.912199999999704e-05,18677.0
3.1411600000000314e-05,0.00010497999999996566,8.101400000000147e-05,18693.0
-2.2339799999999965e-05,8.605999999997672e-05,6.436000000009656e-06,18711.0
6.1813999999993374e-06,9.831999999998509e-05,-2.55579999999922e-05,18727.0
1.7505999999999076e-05,8.542000000000272e-05,-4.0101999999997415e-05,18744.0
4.50131999999992e-05,0.00012465999999999866,-4.401200000000438e-05,18761.0
5.6028399999999424e-05,5.150000000000432e-05,-3.5904000000008816e-05,18777.0
3.694320000000029e-05,-1.2579999999973168e-05,-7.5800000000070256e-06,18794.0
8.422000000000984e-06,-2.4839999999981544e-05,2.441399999999483e-05,18813.0
-2.38004e-05,-3.7599999999748944e-06,-9.252000000004034e-06,18841.0
-8.491279999999907e-05,-4.6339999999966966e-05,-0.00015821599999999992,18858.0
-8.491279999999907e-05,-4.6339999999966966e-05,-0.00015821599999999992,18874.0
6.466799999998996e-06,1.6319999999980796e-05,-0.00017790799999999328,18892.0
6.466799999998996e-06,1.6319999999980796e-05,-0.00017790799999999328,18908.0
-8.225459999999934e-05,4.830000000000112e-05,-0.0002966880000000005,18925.0
-4.8649400000000395e-05,5.163999999999724e-05,-0.00014381399999999767,18942.0
-6.74484000000003e-05,3.8539999999986915e-05,-0.00015077599999999692,18958.0
-0.00013974279999999923,3.9960000000016646e-05,-0.00015940800000000533,18977.0
-3.1226799999999055e-05,1.998000000003053e-05,-2.2412000000004982e-05,18992.0
8.971700000000027e-05,-3.3079999999996444e-05,0.0001300340000000011,19009.0
-6.753800000000031e-05,-2.370000000002648e-05,-0.00011696599999999613,19026.0
-4.873900000000042e-05,-1.0600000000016151e-05,-0.00011000399999999688,19042.0
1.9478600000000234e-05,0.00011304000000000869,-1.09179999999931e-05,19058.0
-8.903739999999993e-05,0.00013301999999999482,-0.00014791399999999343,19075.0
-0.0001618266000000007,0.00013529999999999375,-0.00019569400000000182,19093.0
-4.57160000000012e-06,0.00012592000000002379,5.130599999999541e-05,19109.0
-2.7769799999999288e-05,0.00013852000000000864,6.899599999999894e-05,19129.0
-9.598739999999995e-05,1.4879999999983794e-05,-3.0090000000004836e-05,19143.0
-0.00012953860000000094,-1.822000000002433e-05,-3.662200000000837e-05,19159.0
-5.674940000000017e-05,-2.0500000000023277e-05,1.1158e-05,19175.0
-0.00022445339999999924,1.180000000000625e-05,-5.25939999999947e-05,19194.0
-0.00020125520000000008,-7.999999999785957e-07,-7.028399999999823e-05,19210.0
-0.0002047776000000001,-1.5700000000018478e-05,-7.128600000000374e-05,19228.0
-0.00017122639999999912,1.7399999999989645e-05,-6.47540000000002e-05,19244.0
-0.00011687299999999929,-1.2940000000005724e-05,-3.452400000000244e-05,19260.0
5.083099999999979e-05,-4.524000000003525e-05,2.922799999999226e-05,19279.0
7.507199999999964e-05,-1.2180000000006075e-05,-4.925800000000757e-05,19295.0
7.859439999999968e-05,2.7200000000338066e-06,-4.8256000000002074e-05,19311.0
6.480239999999971e-05,-1.1599999999978295e-05,-6.746999999999171e-05,19327.0
1.0448999999999876e-05,1.8740000000017076e-05,-9.769999999998946e-05,19343.0
1.4781999999999295e-05,-7.074000000000247e-05,-9.398399999999141e-05,19360.0
-9.459000000000551e-06,-0.00010380000000003165,-1.5497999999991573e-05,19378.0
-2.521260000000053e-05,-8.178000000000907e-05,-1.325399999999588e-05,19393.0
-1.1420600000000558e-05,-6.745999999999697e-05,5.959999999993748e-06,19410.0
8.535199999999687e-06,-8.170000000000677e-05,7.71999999999995e-06,19429.0
4.202200000000267e-06,7.780000000012777e-06,4.004000000001895e-06,19445.0
1.2135400000000407e-05,4.66400000000089e-05,7.944399999999518e-05,19462.0
2.7889000000000386e-05,2.461999999998632e-05,7.719999999999949e-05,19478.0
-2.4793999999994654e-06,3.633999999999027e-05,4.920800000000058e-05,19495.0
-2.243519999999971e-05,5.058000000000007e-05,4.7447999999994386e-05,19513.0
-1.6632000000002533e-06,-8.135999999998589e-05,-5.555000000000421e-05,19529.0
-9.596400000000393e-06,-0.00012021999999998201,-0.0001309899999999975,19546.0
-0.00022534119999999963,-1.4240000000009801e-05,-0.0005335839999999981,19565.0
-0.00019497279999999977,-2.596000000001375e-05,-0.0005055919999999992,19581.0
-0.00019375680000000006,-3.7719999999996644e-05,-0.0006206040000000024,19597.0
-0.00021452879999999953,9.421999999998931e-05,-0.0005176060000000038,19615.0
-0.0001509247999999991,7.267999999998054e-05,-0.0004023540000000048,19630.0
6.482000000000016e-05,-3.329999999999167e-05,2.399999999957991e-07,19647.0
1.9109199999998994e-05,7.521999999999806e-05,0.00019116399999999923,19663.0
1.7893199999999275e-05,8.697999999998096e-05,0.00030617600000000246,19681.0
5.5497799999999765e-05,0.00010162000000000227,0.0001427159999999983,19698.0
-8.106200000000675e-06,0.00012316000000001104,2.7463999999999268e-05,19714.0
